9.592306179493564899e-01 -4.590856760361075040e+00 0.000000000000000000e+00
-3.890710885063266566e+00 -4.928565390747944086e+00 0.000000000000000000e+00
-4.670605819768637978e+00 2.438368330951137253e+00 0.000000000000000000e+00
6.117026337902427890e+00 -2.309469359480043060e-01 0.000000000000000000e+00
-1.846009633101091341e+00 4.636058691588200276e+00 0.000000000000000000e+00
-4.060862301952040454e+00 3.342693524114971115e+00 0.000000000000000000e+00
-4.673168528249735054e+00 3.201512435197503947e+00 0.000000000000000000e+00
5.399204046538399915e+00 1.945943110918012087e+00 0.000000000000000000e+00
-3.768613633114787365e-01 5.837691511478377393e+00 0.000000000000000000e+00
3.679537450407125210e+00 8.720663956117589155e-01 0.000000000000000000e+00
-2.429813317385143279e+00 3.418396453169374904e+00 0.000000000000000000e+00
-1.434193539633506154e+00 -4.038933727664733908e+00 0.000000000000000000e+00
3.085566864388739283e+00 1.134055858139440209e+00 0.000000000000000000e+00
5.260307961981238734e+00 -1.601908684648675640e+00 0.000000000000000000e+00
2.067044269410019675e-01 5.713183348904614434e+00 0.000000000000000000e+00
2.755022261155782637e+00 2.623902674936712476e+00 0.000000000000000000e+00
-5.493217934917367096e+00 3.969980176217251522e+00 0.000000000000000000e+00
1.458356360481186664e+00 5.711228553103898875e+00 0.000000000000000000e+00
-4.517459214990122263e+00 2.971179666293013888e+00 0.000000000000000000e+00
-2.487261043773631108e+00 4.308062499502728571e+00 0.000000000000000000e+00
-3.442358520273785860e+00 3.513452138746005815e+00 0.000000000000000000e+00
1.951862266888600539e+00 3.082494895336948648e+00 0.000000000000000000e+00
3.533514560836586327e+00 1.830613257477046840e+00 0.000000000000000000e+00
4.493319896450446826e+00 1.813775597654288418e+00 0.000000000000000000e+00
-3.413482674336488998e+00 -1.365420182240575375e+00 0.000000000000000000e+00
-1.529829012008605993e+00 5.484558579556225055e+00 0.000000000000000000e+00
-3.256942702448950122e+00 3.869101824361596442e+00 0.000000000000000000e+00
-3.501118524052435621e+00 -3.272057754887777836e+00 0.000000000000000000e+00
-4.419780445571451111e+00 2.450832868113053120e+00 0.000000000000000000e+00
-3.756290053072632862e+00 2.974891518566548321e+00 0.000000000000000000e+00
4.807162700327232585e+00 -3.881512799170493189e+00 0.000000000000000000e+00
7.075879515149037235e-01 -2.924013359617423813e+00 0.000000000000000000e+00
-3.945980952362861394e-01 -4.390972441330840859e+00 0.000000000000000000e+00
6.045967144379260638e+00 -6.104774297227689717e-01 0.000000000000000000e+00
4.080842169602816760e+00 1.159059961556412777e+00 0.000000000000000000e+00
1.266868376466653290e+00 5.703862305805012411e+00 0.000000000000000000e+00
-4.238804613309785196e+00 -5.035509728229945026e+00 0.000000000000000000e+00
-4.043561520254841390e+00 2.418907666903422349e-01 0.000000000000000000e+00
-4.623479362644198787e+00 1.423880105573182009e+00 0.000000000000000000e+00
-1.427705697277939612e+00 -5.982032228698080267e+00 0.000000000000000000e+00
3.991391820325654205e+00 -2.827665013596412535e+00 0.000000000000000000e+00
2.111527136239308433e+00 4.575052227699162088e+00 0.000000000000000000e+00
-2.494145188047380834e-01 3.230804891898701570e+00 0.000000000000000000e+00
3.337381271117836778e+00 -3.990060603002398842e+00 0.000000000000000000e+00
-3.183785927853183928e+00 -3.594627251612143581e+00 0.000000000000000000e+00
4.975324385409216177e+00 3.762207512612689708e-01 0.000000000000000000e+00
-1.061448424236661525e+00 -5.330785588359000293e+00 0.000000000000000000e+00
5.622589406599482587e+00 3.140966890912546550e+00 0.000000000000000000e+00
-3.601382961401800920e+00 2.602740166715559411e+00 0.000000000000000000e+00
4.399900824618747208e+00 3.034675668117075009e+00 0.000000000000000000e+00
-1.256943895091210406e+00 -4.506243749941729604e+00 0.000000000000000000e+00
-2.594531246416858505e-01 -4.019003938314194890e+00 0.000000000000000000e+00
4.937503632696246036e+00 -1.039765483358784826e+00 0.000000000000000000e+00
-2.007353047452482553e+00 -1.761099467113403927e+00 0.000000000000000000e+00
1.138198838737735086e+00 -6.011829172069488969e+00 0.000000000000000000e+00
3.746889817495976605e+00 -6.667541240925416446e-01 0.000000000000000000e+00
5.184621729400394230e+00 7.886037366228072498e-01 0.000000000000000000e+00
-2.809479485103145269e+00 4.059721823945529273e+00 0.000000000000000000e+00
-2.900554258139713126e-01 -3.227652126513638198e+00 0.000000000000000000e+00
4.500177573842617740e+00 1.590013888305080725e+00 0.000000000000000000e+00
4.294918645379151911e+00 9.610207937996660954e-01 0.000000000000000000e+00
-3.939999670552049693e+00 3.824016039082422047e+00 0.000000000000000000e+00
-1.815791622533986516e+00 4.398372366515324039e+00 0.000000000000000000e+00
3.455481337455751145e+00 -2.614983172192505645e+00 0.000000000000000000e+00
2.423173019397180994e+00 7.546089596285086021e-01 0.000000000000000000e+00
4.484787866602633954e+00 -1.876275978178209236e+00 0.000000000000000000e+00
-1.182600265741607481e+00 -4.955049851535337169e+00 0.000000000000000000e+00
5.855219068307406793e-01 4.253521256806906514e+00 0.000000000000000000e+00
-1.237901871829724554e+00 -4.134880207864303436e+00 0.000000000000000000e+00
-5.249703736878881699e+00 2.868016508182726465e+00 0.000000000000000000e+00
-4.580119542267849120e+00 3.443470449384292476e+00 0.000000000000000000e+00
3.286590166572529004e+00 -4.414656733266239641e+00 0.000000000000000000e+00
3.455849594893396048e+00 3.594438086657823384e+00 0.000000000000000000e+00
3.146166449788113439e+00 -4.515822715934795006e+00 0.000000000000000000e+00
5.575594098127592879e+00 -8.839860543549483696e-01 0.000000000000000000e+00
4.233508267020698601e-01 -4.883135413437860173e+00 0.000000000000000000e+00
3.756974251384855634e+00 3.810520155870587455e+00 0.000000000000000000e+00
3.179312732409491637e-01 -2.546302439279191088e+00 0.000000000000000000e+00
-5.399640894223680168e-03 -3.434077808713888125e+00 0.000000000000000000e+00
-5.240894847735259043e-01 1.204546304213218511e+00 0.000000000000000000e+00
-4.904461581119852198e+00 -1.997696432233372787e+00 0.000000000000000000e+00
4.745463632776419693e+00 1.778084267027782772e+00 0.000000000000000000e+00
-3.061420541424917374e+00 2.888294784624825112e-02 0.000000000000000000e+00
4.219776346964690283e+00 2.910441192987415437e+00 0.000000000000000000e+00
4.615857598752374891e+00 2.903170277261489518e-02 0.000000000000000000e+00
-5.475871664227694779e+00 -5.703146976039472626e-01 0.000000000000000000e+00
-3.811628690490057370e+00 -2.828348306554994807e+00 0.000000000000000000e+00
-4.726764055561429423e+00 -1.521041950180863189e+00 0.000000000000000000e+00
5.755493380146112337e+00 5.446021487887204859e-01 0.000000000000000000e+00
1.748883666614536647e+00 -5.291763862122440543e+00 0.000000000000000000e+00
-5.140874244365020163e-01 5.012488342577649192e+00 0.000000000000000000e+00
-6.703331405013935651e+00 -2.979465058523016463e+00 0.000000000000000000e+00
-2.358601412367914207e+00 4.906140909441863762e+00 0.000000000000000000e+00
-3.918820700309621152e+00 1.315674176670067252e+00 0.000000000000000000e+00
1.677251087489464609e+00 5.297768233017003503e+00 0.000000000000000000e+00
6.245870497355235251e+00 -1.902039626808446515e+00 0.000000000000000000e+00
-5.938650675224465658e+00 -3.177862512427603869e-01 0.000000000000000000e+00
-5.525274572918994487e+00 -8.688484814826892555e-02 0.000000000000000000e+00
1.731340551177277698e+00 5.849974041145021175e+00 0.000000000000000000e+00
3.440696723810598545e+00 3.318462659186264485e+00 0.000000000000000000e+00
-9.937883371915399167e-01 -2.072079618708984494e+00 1.000000000000000000e+00
7.169182444279227628e-02 -7.127874172040106204e-01 1.000000000000000000e+00
1.106663830073117305e+00 1.274985580624383052e+00 1.000000000000000000e+00
-6.850402160612363289e-01 -4.404178161285978166e-01 1.000000000000000000e+00
3.933743073222582820e-02 2.635577542615498148e-01 1.000000000000000000e+00
-7.871558028595957435e-01 -5.868438139020303312e-01 1.000000000000000000e+00
5.836184958987971072e-01 -9.671221133124312530e-01 1.000000000000000000e+00
1.385105781388107582e+00 -2.696479021081413241e-01 1.000000000000000000e+00
-7.846962845679932297e-01 3.659666982025532728e-02 1.000000000000000000e+00
-5.186065186872416133e-01 -2.325765444988412908e-02 1.000000000000000000e+00
8.838056764882860905e-02 -8.088089490547317739e-02 1.000000000000000000e+00
3.389229012604142444e-01 1.086132611204406295e+00 1.000000000000000000e+00
-8.965253920216871286e-01 -6.424610359466416121e-01 1.000000000000000000e+00
-7.114602115471104771e-01 -7.772731562645192049e-01 1.000000000000000000e+00
-9.129183066336279406e-01 -1.061749748125137671e+00 1.000000000000000000e+00
5.275716465462189086e-01 -1.265704640695157090e+00 1.000000000000000000e+00
7.495549249964146288e-01 -1.112099540904454426e-01 1.000000000000000000e+00
-1.972032147009857017e-01 2.244755398588162421e-01 1.000000000000000000e+00
-1.263275459275139179e+00 -1.910566669047396360e+00 1.000000000000000000e+00
8.756962050115671969e-01 2.142310976862463967e+00 1.000000000000000000e+00
9.755179457557746625e-01 5.476165599785357552e-01 1.000000000000000000e+00
9.413738744574789985e-02 4.482850043229048009e-01 1.000000000000000000e+00
-2.477186118285535921e-01 3.675534960181590649e-01 1.000000000000000000e+00
1.160556726207061518e+00 4.752595428740656880e-01 1.000000000000000000e+00
-1.096911450924160647e-01 -3.067141558347944441e-01 1.000000000000000000e+00
1.291731133132441922e+00 -3.963954281003226887e-01 1.000000000000000000e+00
8.575741302480190953e-01 -5.165071033219680308e-01 1.000000000000000000e+00
1.522816750538822594e+00 1.646424306914906488e-01 1.000000000000000000e+00
-9.454114024154837148e-01 -2.023193326227486377e+00 1.000000000000000000e+00
1.967809996210362788e+00 -5.847991297788818210e-01 1.000000000000000000e+00
-1.169199283160134856e-01 1.191071108148194613e+00 1.000000000000000000e+00
3.264033843927894446e-02 -7.795887972579418346e-01 1.000000000000000000e+00
1.116202389079078150e-02 5.568472210104119524e-01 1.000000000000000000e+00
1.345910245391215010e-01 5.545183317167071690e-01 1.000000000000000000e+00
-1.417166917760468436e+00 -2.086562092832589865e+00 1.000000000000000000e+00
6.034633454067364067e-01 6.844064948691480632e-01 1.000000000000000000e+00
8.317499967363558566e-01 -9.781915828144363001e-01 1.000000000000000000e+00
-2.206116939023473833e+00 5.042571854526088915e-01 1.000000000000000000e+00
1.103296087568206074e+00 5.194085172636758382e-03 1.000000000000000000e+00
1.423117603729023406e+00 -1.294828524195027697e+00 1.000000000000000000e+00
-1.546954420337142422e-01 1.762115161538687858e+00 1.000000000000000000e+00
-1.591122105098397022e+00 -7.158113500200732893e-02 1.000000000000000000e+00
-2.363189427152588562e-01 1.007097913141717926e+00 1.000000000000000000e+00
1.678786090987837820e+00 1.324509883546787448e+00 1.000000000000000000e+00
1.287433513536837271e-01 -4.439290585015877588e-01 1.000000000000000000e+00
-1.367165682794962145e-01 -7.675255043145843281e-01 1.000000000000000000e+00
2.610201830898882802e-01 -1.947063231414836171e-01 1.000000000000000000e+00
9.626958670355344472e-01 -5.950379334896986894e-01 1.000000000000000000e+00
-1.724810841971870623e+00 -1.153551566785695259e+00 1.000000000000000000e+00
-3.282875969060523591e-01 2.080291034583051091e-01 1.000000000000000000e+00
-4.773482246659280781e-01 -8.893671005643958294e-01 1.000000000000000000e+00
-1.150887900854157042e+00 -6.021782574890173489e-02 1.000000000000000000e+00
-9.192056490324569396e-01 1.851716059099012490e+00 1.000000000000000000e+00
-6.841452421768750014e-01 -9.007545047230602897e-02 1.000000000000000000e+00
7.839662810480281241e-01 4.731673731906052005e-01 1.000000000000000000e+00
-2.247482494803227648e-01 -7.772262864847832020e-01 1.000000000000000000e+00
7.065346357021008439e-01 2.017665243177476642e-01 1.000000000000000000e+00
-5.919181776635307202e-01 -4.706028374921322754e-01 1.000000000000000000e+00
-1.384996670667538510e+00 1.394265881368402793e+00 1.000000000000000000e+00
-2.455505628834419252e+00 -3.417355721363291715e-02 1.000000000000000000e+00
1.204590589914246390e+00 -7.544920261011498486e-01 1.000000000000000000e+00
-6.329861657480949644e-01 1.649753127692593191e+00 1.000000000000000000e+00
5.700513112158800411e-01 -2.823127653120128255e-01 1.000000000000000000e+00
1.655251852277398739e-01 -9.286956216596827796e-01 1.000000000000000000e+00
-4.656806966818836102e-01 8.187461573125262571e-02 1.000000000000000000e+00
-5.029202188183833355e-01 -1.479796474150279761e-01 1.000000000000000000e+00
-2.670475236589653703e-02 -9.648936782682986102e-02 1.000000000000000000e+00
1.484354229444912576e+00 -1.022200978457845633e+00 1.000000000000000000e+00
-1.011872540139371113e+00 -6.202575555000628960e-01 1.000000000000000000e+00
1.758139367274763332e-01 3.640867481648268900e-01 1.000000000000000000e+00
1.274221988658565063e+00 -4.595879889951816621e-01 1.000000000000000000e+00
-1.433161195373305052e-01 1.711933857963363614e+00 1.000000000000000000e+00
-2.620767669975752612e-01 -5.108796128000128167e-01 1.000000000000000000e+00
5.877460166257751917e-01 1.095913293793253196e+00 1.000000000000000000e+00
1.570541911409093494e-01 -4.976143486003326566e-01 1.000000000000000000e+00
2.182466792307410142e+00 3.509931783800362415e-01 1.000000000000000000e+00
-3.622882502298636065e-01 -7.671681672542097763e-01 1.000000000000000000e+00
2.766462370986189967e+00 9.022949871618713980e-01 1.000000000000000000e+00
-4.495860241847658978e-01 -7.858142879127746339e-01 1.000000000000000000e+00
1.178389558519074454e+00 7.906689994960071077e-01 1.000000000000000000e+00
-2.423586842344110648e-01 1.488617803094153702e+00 1.000000000000000000e+00
-8.547307647434965183e-01 1.794271452101750652e+00 1.000000000000000000e+00
-3.125023197025632582e-01 -1.559588975149168277e+00 1.000000000000000000e+00
-1.258062872112122754e+00 2.071833630988186015e-01 1.000000000000000000e+00
4.328785185070095354e-01 1.449568014731163201e-01 1.000000000000000000e+00
-1.088680077047804451e+00 1.935683295583308983e+00 1.000000000000000000e+00
4.148331723508718594e-01 -7.737030654188490342e-01 1.000000000000000000e+00
-7.355477180931535575e-01 -5.347532645862407286e-02 1.000000000000000000e+00
7.107215339153495348e-01 -9.225784210427463439e-01 1.000000000000000000e+00
5.300049701612628006e-01 -1.172188532660791482e+00 1.000000000000000000e+00
9.656801404453579929e-01 -3.175642845281709814e-01 1.000000000000000000e+00
3.129574078577227469e-01 -8.821800876966047200e-01 1.000000000000000000e+00
1.058108487651634490e-02 4.016837901866541771e-01 1.000000000000000000e+00
-5.889644319668807526e-01 -8.509821810705522904e-02 1.000000000000000000e+00
5.845156385094436580e-01 6.208167551389210947e-01 1.000000000000000000e+00
7.407061536981642824e-01 -2.338490737754834459e-01 1.000000000000000000e+00
7.012716629554180958e-01 1.670195484925881269e-01 1.000000000000000000e+00
-2.571114117391267717e-01 -8.571813094978999459e-01 1.000000000000000000e+00
8.900128396921809237e-01 1.263944711462798853e+00 1.000000000000000000e+00
7.442822141260322377e-01 -1.323089646455719304e-01 1.000000000000000000e+00
