-1.157859302688431180e+00 5.413952164851318916e-01 0.000000000000000000e+00
4.912156159574987413e-02 5.247028971906599892e-01 0.000000000000000000e+00
-7.627727345086345867e-01 1.160162176291139602e-01 0.000000000000000000e+00
8.597248544409044069e-01 3.636994573025186472e+00 0.000000000000000000e+00
2.939317737577002987e-01 1.721392069639378075e+00 0.000000000000000000e+00
-2.286067565258509404e-03 -3.670442904499846559e-01 0.000000000000000000e+00
-1.297389210107157353e+00 1.750277882336276569e+00 0.000000000000000000e+00
-6.567142397589096348e-01 1.181127297224810579e+00 0.000000000000000000e+00
3.016156774034943755e-01 3.158248095359343921e+00 0.000000000000000000e+00
-1.082211455125416721e+00 7.620268474926689128e-01 0.000000000000000000e+00
1.742521685407956156e-01 1.116271887719941347e+00 0.000000000000000000e+00
-1.324015615627115228e+00 1.984297857636010853e+00 0.000000000000000000e+00
-7.757846147294444883e-01 3.822620504832361377e-01 0.000000000000000000e+00
-1.093910589422462110e+00 1.678786232846462667e+00 0.000000000000000000e+00
-3.412584079255158720e-01 1.317352530504912300e+00 0.000000000000000000e+00
-1.022674938628771013e+00 2.722107221842439806e+00 0.000000000000000000e+00
4.059367085590004365e-02 4.200907739892356663e-01 0.000000000000000000e+00
-1.851467875424553933e+00 2.916010714925727498e-01 0.000000000000000000e+00
-1.954518109165030992e+00 2.084294176034301227e+00 0.000000000000000000e+00
-1.185563769681008406e+00 3.284644261750483629e+00 0.000000000000000000e+00
-8.816613658093150896e-01 1.959174511529246043e+00 0.000000000000000000e+00
1.199691596111958081e-01 2.152028400830655830e+00 0.000000000000000000e+00
7.752883107734178658e-01 1.443219862357493222e+00 0.000000000000000000e+00
-1.166533921010667552e+00 3.711182290809028839e+00 0.000000000000000000e+00
-3.739289873278570653e+00 1.456957201036541916e+00 0.000000000000000000e+00
8.935933128641271317e-02 2.055324048982936080e+00 0.000000000000000000e+00
-6.782958996449267586e-01 1.525614040733576315e+00 0.000000000000000000e+00
-1.160430586485483140e+00 8.953292114316820927e-01 0.000000000000000000e+00
-1.803475285960323360e+00 1.703515908664015033e+00 0.000000000000000000e+00
-7.979925461212925564e-01 4.253711150308954192e-01 0.000000000000000000e+00
-1.555062755471719349e+00 8.106266760081336509e-01 0.000000000000000000e+00
1.805068658766433298e-01 8.125686629574846442e-02 0.000000000000000000e+00
-8.615152239415224678e-01 3.539153835421971372e+00 0.000000000000000000e+00
-7.173290600585803256e-01 2.543419486147083575e+00 0.000000000000000000e+00
-6.520729428217095780e-01 1.623406510506310907e+00 0.000000000000000000e+00
-1.045728366767894268e+00 5.263116091004675923e-01 0.000000000000000000e+00
-5.480856319426029577e-01 1.902687209208020258e+00 0.000000000000000000e+00
-1.711991767914916363e+00 1.556148556866391086e+00 0.000000000000000000e+00
8.759660959036055239e-01 1.526455934293484917e+00 0.000000000000000000e+00
-1.319186684128849318e+00 1.910428609490876006e+00 0.000000000000000000e+00
-1.046615747685887499e+00 9.777734312920215443e-01 0.000000000000000000e+00
-1.231334557306990263e+00 -3.453760404787764582e-01 0.000000000000000000e+00
3.121931896149421348e-02 2.138719180784622864e+00 0.000000000000000000e+00
3.276878884262406366e-01 2.740801564794334233e+00 0.000000000000000000e+00
-9.451106214046216536e-01 1.221693694746920356e+00 0.000000000000000000e+00
-1.389424905315979064e+00 1.732093373184540930e+00 0.000000000000000000e+00
-3.775907624094777315e+00 2.450014307997698815e+00 0.000000000000000000e+00
-2.055526618300383745e+00 6.499767416216183369e-01 0.000000000000000000e+00
-9.746989364196303463e-01 2.049250866616068478e+00 0.000000000000000000e+00
-7.540644004776781983e-01 1.969519317506660983e+00 0.000000000000000000e+00
2.587763878159290432e+00 -1.436718039443848127e+00 1.000000000000000000e+00
3.540288349588854633e+00 -1.424140280795541447e+00 1.000000000000000000e+00
1.195226784946785470e+00 -2.974267758055666011e+00 1.000000000000000000e+00
2.901070963834284644e+00 -3.356385021151353065e+00 1.000000000000000000e+00
3.947171255865645989e+00 -2.504634746706565274e+00 1.000000000000000000e+00
4.002476308550031447e+00 -2.943490353818881466e+00 1.000000000000000000e+00
4.863977607702345551e+00 -2.393373716526873363e+00 1.000000000000000000e+00
5.089919740090694589e+00 -1.169756648332792803e+00 1.000000000000000000e+00
2.478122988660016901e+00 -1.588904865319895165e+00 1.000000000000000000e+00
2.562186490006693074e+00 -7.621358022364863594e-01 1.000000000000000000e+00
2.511899693279249224e+00 -4.759193595539927824e-01 1.000000000000000000e+00
2.560527181187236323e+00 -1.747534080468156947e+00 1.000000000000000000e+00
1.938891935839008651e+00 -1.360458367873638608e+00 1.000000000000000000e+00
4.417912351684794459e+00 -2.201850612564702381e+00 1.000000000000000000e+00
5.030312656813151762e+00 -2.377920937221029263e+00 1.000000000000000000e+00
2.344635022519338197e+00 -4.685884292829731734e-01 1.000000000000000000e+00
2.504202030634956166e+00 -3.309223198924934550e+00 1.000000000000000000e+00
4.798425725542920794e+00 -2.450562567551059168e+00 1.000000000000000000e+00
2.889283166864825780e+00 -4.435557097072631016e-01 1.000000000000000000e+00
3.600716226875540382e+00 -2.362361238416303966e+00 1.000000000000000000e+00
3.139846282610081474e+00 -3.044009589605505717e+00 1.000000000000000000e+00
2.009545324442779446e+00 -4.007006016584675478e+00 1.000000000000000000e+00
2.269377922155574545e+00 -1.456901495290315207e+00 1.000000000000000000e+00
1.919196280826507728e+00 -8.650640932484603418e-01 1.000000000000000000e+00
2.821118880020572650e+00 -1.388517448508477248e+00 1.000000000000000000e+00
4.245107893938953936e+00 -2.252133616718979159e+00 1.000000000000000000e+00
2.145347950374168811e+00 -2.077561675493593718e+00 1.000000000000000000e+00
2.525124887303070054e+00 -1.135037517452342160e+00 1.000000000000000000e+00
1.534660541664271571e+00 -3.351175136948985944e+00 1.000000000000000000e+00
2.589403821457616939e+00 -3.882132538784565767e+00 1.000000000000000000e+00
2.982850703898267675e+00 -3.709112709755425286e+00 1.000000000000000000e+00
3.124896325011107479e+00 -1.803755276600650159e+00 1.000000000000000000e+00
1.967524720774512126e+00 -8.034379626006600272e-01 1.000000000000000000e+00
3.627003480238764954e+00 -2.500633130562075923e+00 1.000000000000000000e+00
4.371473610168897572e+00 -8.956048891945562751e-01 1.000000000000000000e+00
1.633697609967929898e+00 -3.083512555285166101e-01 1.000000000000000000e+00
2.759180039290412889e+00 -1.344286811258059267e+00 1.000000000000000000e+00
2.555775814696293224e+00 -1.076050640273542358e+00 1.000000000000000000e+00
3.764931089232063322e+00 -9.621069262123225219e-01 1.000000000000000000e+00
2.251820331905433736e+00 -3.647070840684397908e+00 1.000000000000000000e+00
3.684131736796548928e+00 1.220084832452164481e+00 1.000000000000000000e+00
1.870311920686092311e+00 -1.259427635769735376e+00 1.000000000000000000e+00
3.567979012102480585e+00 -1.208933445354269942e-01 1.000000000000000000e+00
4.194854159232584756e+00 -2.263021351096092815e+00 1.000000000000000000e+00
2.582415285416443052e+00 -2.507334865202723861e+00 1.000000000000000000e+00
2.887366187199051026e+00 -1.643280808507917801e+00 1.000000000000000000e+00
1.850117678270763566e+00 -2.273564520550895196e+00 1.000000000000000000e+00
3.571266669047036491e+00 -2.821645111413801921e+00 1.000000000000000000e+00
1.476194599485232128e+00 -1.965754979546215919e+00 1.000000000000000000e+00
2.259453675230264302e+00 -1.597873582129862413e+00 1.000000000000000000e+00
