2.999999999999999889e-01 2.399999999999999911e-01 1.000000000000000056e-01 0.000000000000000000e+00 1.000000000000000000e+00 0.000000000000000000e+00
2.500000000000000000e-01 2.493262734868065544e-01 1.125000000000000028e-01 4.166666666666666435e-02 1.000000000000000000e+00 0.000000000000000000e+00
2.200000000000000011e-01 2.767252314328881302e-01 1.250000000000000000e-01 8.333333333333332871e-02 1.000000000000000000e+00 6.292426387398765364e+00
1.799999999999999933e-01 3.204933393378536222e-01 1.375000000000000111e-01 1.250000000000000000e-01 1.000000000000000000e+00 6.251879756186484727e+00
2.000000000000000111e-01 3.779093082395579839e-01 1.499999999999999944e-01 1.666666666666666574e-01 1.000000000000000000e+00 6.215417685889366162e+00
2.600000000000000089e-01 4.454032912814193113e-01 1.625000000000000056e-01 2.083333333333333148e-01 1.000000000000000000e+00 6.199815277313239115e+00
3.800000000000000044e-01 5.187788394996890595e-01 1.749999999999999889e-01 2.500000000000000000e-01 1.000000000000000000e+00 6.210180771462784577e+00
4.500000000000000111e-01 5.934738166948475557e-01 1.875000000000000000e-01 2.916666666666666297e-01 1.000000000000000000e+00 6.249552395496634993e+00
5.100000000000000089e-01 6.648440509641425633e-01 2.000000000000000111e-01 3.333333333333333148e-01 1.000000000000000000e+00 6.291759244113508842e+00
6.600000000000000311e-01 7.284520868168216090e-01 2.124999999999999944e-01 3.750000000000000000e-01 1.000000000000000000e+00 6.320823338392600910e+00
6.500000000000000222e-01 7.803430846640799778e-01 2.249999999999999778e-01 4.166666666666666297e-01 1.000000000000000000e+00 6.374065988731846488e+00
6.400000000000000133e-01 8.172907135897390374e-01 2.374999999999999889e-01 4.583333333333333148e-01 1.000000000000000000e+00 6.417011454983043706e+00
5.999999999999999778e-01 8.369977489801335713e-01 2.500000000000000000e-01 5.000000000000000000e-01 1.000000000000000000e+00 6.388174216028008168e+00
5.699999999999999512e-01 8.382389028241638007e-01 2.624999999999999556e-01 5.416666666666666297e-01 1.000000000000000000e+00 6.344849041916517329e+00
5.200000000000000178e-01 8.209370061872390822e-01 2.749999999999999667e-01 5.833333333333332593e-01 1.000000000000000000e+00 6.285102560752827472e+00
5.100000000000000089e-01 7.861678072018682961e-01 2.874999999999999778e-01 6.250000000000000000e-01 1.000000000000000000e+00 6.217361345832656205e+00
5.799999999999999600e-01 7.360930862590836510e-01 2.999999999999999889e-01 6.666666666666666297e-01 1.000000000000000000e+00 6.147998914749109645e+00
6.500000000000000222e-01 6.738262469741383986e-01 3.125000000000000000e-01 7.083333333333332593e-01 1.000000000000000000e+00 6.113281111761153852e+00
7.199999999999999734e-01 6.032387398292340386e-01 3.249999999999999556e-01 7.500000000000000000e-01 1.000000000000000000e+00 6.104840406208247749e+00
8.000000000000000444e-01 5.287193541336071556e-01 3.375000000000000222e-01 7.916666666666666297e-01 1.000000000000000000e+00 6.095202123326653343e+00
8.100000000000000533e-01 4.549013443610327445e-01 3.499999999999999778e-01 8.333333333333332593e-01 1.000000000000000000e+00 6.088706381335654783e+00
6.600000000000000311e-01 3.863743568274478624e-01 3.625000000000000444e-01 8.750000000000000000e-01 1.000000000000000000e+00 6.069320812180002633e+00
5.799999999999999600e-01 3.273990677126220605e-01 3.750000000000000000e-01 9.166666666666666297e-01 1.000000000000000000e+00 5.968716941075697058e+00
4.000000000000000222e-01 2.816422748515440833e-01 3.874999999999999556e-01 9.583333333333332593e-01 1.000000000000000000e+00 5.809716350735726564e+00
