-3.584547989038812332e+00 -4.029361134343354856e+00 0.000000000000000000e+00
-3.281050857478309823e-01 -1.464495810739390391e+00 0.000000000000000000e+00
4.877485939706380336e+00 -7.694627159948455919e+00 0.000000000000000000e+00
6.345114920901561817e+00 -2.789137571662316795e+00 1.000000000000000000e+00
2.791561502311338039e+00 -2.969705528798232130e-01 1.000000000000000000e+00
-7.290212686043023860e-01 7.004022083132962706e+00 0.000000000000000000e+00
9.522410214772866865e+00 -1.302001220635288004e+00 1.000000000000000000e+00
-8.673410987321461540e-01 1.224943041066388405e+00 0.000000000000000000e+00
2.225850127190451555e-01 6.220613837016381042e-01 0.000000000000000000e+00
8.855914481158171370e+00 8.340841692898758319e-01 1.000000000000000000e+00
-2.970321606794374958e+00 -9.277789286042271710e-01 1.000000000000000000e+00
-6.953910305366345135e+00 3.037691517610678904e+00 1.000000000000000000e+00
-4.823713339120592636e+00 -9.126737303286203140e-01 1.000000000000000000e+00
-1.499585392853177934e+00 3.342346547585598238e+00 0.000000000000000000e+00
-4.514805038503895418e-02 -3.340363424917649926e+00 0.000000000000000000e+00
7.416818771499402274e+00 5.051985125744218763e+00 1.000000000000000000e+00
1.093702213588745531e+00 -3.538505428643670125e+00 0.000000000000000000e+00
3.290263617542908747e+00 -9.657034766050754726e+00 0.000000000000000000e+00
2.783869336669606565e-01 6.354737954041645764e+00 0.000000000000000000e+00
3.593032938132612042e+00 -1.617212346113359622e+00 1.000000000000000000e+00
-1.039090150578540062e+01 9.784965814396512362e-01 1.000000000000000000e+00
-3.841754709703026016e+00 6.581069045835502562e-01 1.000000000000000000e+00
-4.229789237499624655e+00 1.305017655340047877e+00 1.000000000000000000e+00
3.372244678679828134e+00 -1.243489507664614413e+00 1.000000000000000000e+00
-5.805460443262434822e+00 -5.673556746863894773e+00 1.000000000000000000e+00
2.771173602849980711e+00 7.890071723338078158e+00 0.000000000000000000e+00
3.004369405086460443e+00 -4.926626835109327196e+00 0.000000000000000000e+00
1.656904322567737120e-01 2.491048977698761213e+00 0.000000000000000000e+00
-9.515534407034159647e-02 -2.135482331382371868e+00 0.000000000000000000e+00
6.352701657134707247e-01 -2.980716858099042632e+00 0.000000000000000000e+00
-5.243371106741349763e+00 -1.596293304178414196e+00 1.000000000000000000e+00
-5.691858898030179859e-01 -2.568781204048894651e+00 0.000000000000000000e+00
-3.251469003420313530e+00 4.117017665185650266e+00 0.000000000000000000e+00
6.102590577716711984e+00 5.909090705439732361e+00 0.000000000000000000e+00
-6.436471708470392628e+00 -2.017742565992332260e+00 1.000000000000000000e+00
-2.507649329388558890e+00 -1.819179225159134106e+00 1.000000000000000000e+00
-7.081777809885513086e+00 -4.468826070948884066e+00 1.000000000000000000e+00
-1.543939427255739716e+01 2.538416191418899626e-01 1.000000000000000000e+00
-5.873737740395030826e+00 -7.625847695273677118e+00 0.000000000000000000e+00
7.726705937411795233e+00 -4.029275661422259347e+00 1.000000000000000000e+00
-7.540658256716578300e+00 -1.439283151064464583e+00 1.000000000000000000e+00
8.191321273475342224e+00 5.758905269163847596e-01 1.000000000000000000e+00
5.102478471514525715e+00 -1.714235576863053501e+00 1.000000000000000000e+00
1.468719129620763564e+00 1.691311085006454773e+00 0.000000000000000000e+00
-8.684718651352367758e+00 2.319740456383202698e+00 1.000000000000000000e+00
4.042871976226050990e+00 -3.154269005948322047e+00 1.000000000000000000e+00
-2.677918090039561605e+00 -6.607014747172053504e+00 0.000000000000000000e+00
6.141158576288795468e-01 3.540229589788039810e+00 0.000000000000000000e+00
-4.478663837527708580e+00 -1.002144025680947959e+00 1.000000000000000000e+00
4.284838230420734972e-01 3.825426356170169573e+00 0.000000000000000000e+00
-6.341579333806265595e+00 1.381947696233353229e+00 1.000000000000000000e+00
-3.607800813789840522e+00 4.969705726572661852e+00 0.000000000000000000e+00
3.557890191576766892e+00 8.431107343064024207e+00 0.000000000000000000e+00
-5.128921387256728082e+00 3.457444319597786642e+00 1.000000000000000000e+00
7.767379369410813972e-01 3.037404100919069094e+00 0.000000000000000000e+00
-5.598181600487222020e+00 -2.365741793484014810e+00 1.000000000000000000e+00
1.092385213861500937e+01 6.630534111926940088e-01 1.000000000000000000e+00
-1.260058325272864543e+01 2.187174768665494096e+00 1.000000000000000000e+00
5.730290117576769759e+00 -7.551002743012297458e+00 0.000000000000000000e+00
-5.702301548683241350e+00 -1.739266459747006444e+00 1.000000000000000000e+00
-3.292046620842389970e+00 6.363454348107908665e+00 0.000000000000000000e+00
1.491627621122741720e+00 -4.229561856080879423e+00 0.000000000000000000e+00
-7.712525255069120789e+00 1.298589194079139908e+01 0.000000000000000000e+00
2.532207377579127616e+00 -6.033573170312020117e+00 0.000000000000000000e+00
2.492394633563653095e+00 5.722132303878915138e+00 0.000000000000000000e+00
-5.680807476929034650e+00 3.389405615372997449e+00 1.000000000000000000e+00
2.047044663291393451e+00 1.137701684698102067e+00 1.000000000000000000e+00
-5.243358650856344561e+00 -4.786080483278526643e+00 1.000000000000000000e+00
-1.462019198577229617e-01 -4.356566006157962079e+00 0.000000000000000000e+00
1.363007199475498865e+00 5.865877606025854396e-01 1.000000000000000000e+00
2.272928724729486483e+00 -1.700499197406566410e+00 1.000000000000000000e+00
3.583376663029556042e+00 -9.924438461848152926e+00 0.000000000000000000e+00
-1.344940257968900932e+00 -2.202370158515832288e-01 0.000000000000000000e+00
-1.871757914970508807e+00 8.756428238981255774e+00 0.000000000000000000e+00
-3.754564406223121598e+00 -9.438459341162845975e-03 1.000000000000000000e+00
-1.008849179730596290e+01 -3.577530813991191661e+00 1.000000000000000000e+00
8.190848909870760863e+00 3.682649859127959502e+00 1.000000000000000000e+00
-4.003901962884518717e+00 6.188565542368589689e+00 0.000000000000000000e+00
-4.218935581072114971e+00 9.621814515063707773e+00 0.000000000000000000e+00
6.879838646361857712e-01 1.319099899910862961e+00 0.000000000000000000e+00
-2.384097141844820023e+00 7.632768471294680834e-01 1.000000000000000000e+00
-3.603736704397857427e+00 -6.506344454092721996e+00 0.000000000000000000e+00
4.231642157420374417e-01 6.828189352520615429e+00 0.000000000000000000e+00
4.729111950281360777e+00 -9.680425837859186755e-01 1.000000000000000000e+00
2.017135336663152145e+00 8.280250323986026117e+00 0.000000000000000000e+00
-2.168569304061171987e+00 -1.768981226542796659e+00 1.000000000000000000e+00
6.513297412386442886e+00 -1.885793114775231816e+00 1.000000000000000000e+00
-2.701345072521435409e+00 3.051450741186392257e+00 0.000000000000000000e+00
5.617601029641492438e+00 -6.187875326253263530e+00 0.000000000000000000e+00
3.555611928561836166e+00 4.128127416911865133e+00 0.000000000000000000e+00
9.308519997328811968e+00 -6.704915930615719333e+00 1.000000000000000000e+00
1.973745850144711156e+00 5.828373855823617333e+00 0.000000000000000000e+00
-2.584856187271555861e+00 -4.820749750186033467e+00 0.000000000000000000e+00
7.430986232228925736e+00 2.656208580831993959e+00 1.000000000000000000e+00
-4.436536542996504906e+00 3.515161736071485521e+00 1.000000000000000000e+00
4.431386449103735359e+00 2.121678024723312905e+00 1.000000000000000000e+00
-2.581436316382538010e+00 7.809063888741148318e+00 0.000000000000000000e+00
-1.206311459917835283e+00 7.702142870823047716e+00 0.000000000000000000e+00
-3.235227020116385077e+00 2.986471049809436451e+00 1.000000000000000000e+00
1.397267325062950150e+00 -1.248564084351800574e+01 0.000000000000000000e+00
