1.945566868730203236e+00 2.505284865999074739e+00 0.000000000000000000e+00
2.426526963961821881e+00 1.594394224448335562e+00 0.000000000000000000e+00
1.044975129356557453e+00 1.821706199432084006e+00 0.000000000000000000e+00
1.359639314120877351e+00 1.858667338318649609e+00 0.000000000000000000e+00
1.535955940371277473e+00 1.739572230798358543e+00 0.000000000000000000e+00
3.603867364564544040e+00 -4.396671028626639721e-01 0.000000000000000000e+00
1.269718869901047098e+00 1.502192875945222772e+00 0.000000000000000000e+00
3.362494851762114045e+00 1.621069495795429249e+00 0.000000000000000000e+00
1.097979417690305937e+00 1.967615137537042536e+00 0.000000000000000000e+00
2.547063636192927305e+00 3.024650156716770510e+00 0.000000000000000000e+00
1.303825475306369608e+00 1.354677181929816454e+00 0.000000000000000000e+00
2.741051670250293615e+00 2.932228648651928893e+00 0.000000000000000000e+00
1.620768523126553617e+00 2.304029753303742378e+00 0.000000000000000000e+00
1.986864492941278648e+00 2.079927894897986906e+00 0.000000000000000000e+00
2.884874331482670584e+00 1.433095314383799224e+00 0.000000000000000000e+00
2.139269468864312351e+00 2.122035505894121599e+00 0.000000000000000000e+00
1.471817005981757021e+00 1.306426329718958002e+00 0.000000000000000000e+00
4.152812794705771360e+00 3.856440399430302257e+00 0.000000000000000000e+00
2.402314964091140759e+00 1.813989000753378544e+00 0.000000000000000000e+00
2.074265493955812723e+00 1.650618948185122781e+00 0.000000000000000000e+00
2.612718741167913805e+00 2.551271743512967483e+00 0.000000000000000000e+00
1.605527106277951477e+00 2.664401940081278397e+00 0.000000000000000000e+00
2.216024666977657986e+00 1.014934267217012298e+00 0.000000000000000000e+00
1.487721581701892948e+00 1.274412309193076798e+00 0.000000000000000000e+00
1.920289720419405821e+00 1.798083772511552825e+00 0.000000000000000000e+00
2.374705084978347980e+00 1.385145171073534964e+00 0.000000000000000000e+00
2.659229175911276943e+00 2.380908315249732787e+00 0.000000000000000000e+00
2.968724325083221594e+00 2.255903623160166571e+00 0.000000000000000000e+00
2.525423749291705100e+00 2.555326683802556786e+00 0.000000000000000000e+00
1.453384547770978141e+00 2.241586856323170451e+00 0.000000000000000000e+00
7.431490039798847036e-01 1.758587253992757393e+00 0.000000000000000000e+00
1.352178701059361998e+00 1.574775766837107183e+00 0.000000000000000000e+00
1.589975698466280729e+00 9.068034918598528726e-01 0.000000000000000000e+00
2.314357785842423798e+00 1.107023053995624950e+00 0.000000000000000000e+00
1.930050871332790852e+00 7.554164309580653214e-01 0.000000000000000000e+00
5.169812659742742955e-01 2.003965358923068596e+00 0.000000000000000000e+00
1.008833828773370911e+00 1.455825352253073968e+00 0.000000000000000000e+00
1.003364828547286036e+00 2.020468388968701845e+00 0.000000000000000000e+00
1.138913986449389348e+00 1.827366085676691565e+00 0.000000000000000000e+00
1.104465220182530238e+00 1.439920999720348593e+00 0.000000000000000000e+00
2.100968551017972086e+00 1.123935478526598919e+00 0.000000000000000000e+00
1.427955649895221946e+00 2.210847004935176052e+00 0.000000000000000000e+00
9.676026480734056801e-01 1.174557288039125957e+00 0.000000000000000000e+00
2.287849768357968827e+00 1.022945380287556549e+00 0.000000000000000000e+00
4.469460508672269405e+00 9.252046939880927967e-01 0.000000000000000000e+00
2.183656757705876306e+00 1.199011122692267506e+00 0.000000000000000000e+00
1.216063379784869669e+00 1.643287383588312833e+00 0.000000000000000000e+00
1.484728693177393311e+00 2.911022463061283538e-01 0.000000000000000000e+00
2.044090687114675120e+00 1.915688981054221918e+00 0.000000000000000000e+00
2.512874788110216695e+00 7.047548962192337063e-01 0.000000000000000000e+00
-8.874765608433891062e-01 -3.602341552709238393e+00 1.000000000000000000e+00
-8.613432261988808181e-01 -2.570896874982199876e+00 1.000000000000000000e+00
-2.187548941841286343e+00 -3.694978508707930764e+00 1.000000000000000000e+00
-1.460646508808355337e-01 -4.205425113240467638e+00 1.000000000000000000e+00
-1.078666550050876083e+00 -3.744152772511033067e+00 1.000000000000000000e+00
4.200858025220299830e-02 -3.087750014587789860e+00 1.000000000000000000e+00
-4.060179200801894428e-01 -4.083080126131509502e+00 1.000000000000000000e+00
-2.920117004659706916e-01 -1.794653640207331424e+00 1.000000000000000000e+00
-9.770289449756343059e-01 -3.043271713605586015e+00 1.000000000000000000e+00
-1.911307998815053866e+00 -3.514877711346893641e+00 1.000000000000000000e+00
-1.271704877337923811e+00 -1.737923846329668676e+00 1.000000000000000000e+00
-1.680923363734647680e-01 -2.272517480774300935e+00 1.000000000000000000e+00
-2.223380848165739110e-01 -3.576826652568141363e+00 1.000000000000000000e+00
-1.305342641438882012e+00 -2.195559310031736988e+00 1.000000000000000000e+00
-1.034865436357463198e+00 -3.038241384803542999e+00 1.000000000000000000e+00
-1.742347932218624607e+00 -3.317328002169596335e+00 1.000000000000000000e+00
-1.185454093050140711e+00 -3.545953740820142031e+00 1.000000000000000000e+00
-6.141053269426890449e-01 -2.140269376423169501e+00 1.000000000000000000e+00
-1.372925244230847941e+00 -2.792592505561313665e+00 1.000000000000000000e+00
-2.171172089352737089e+00 -2.739508270893972419e+00 1.000000000000000000e+00
-1.222636244752110635e+00 -2.990105063838738086e+00 1.000000000000000000e+00
-7.390636025500167960e-01 -3.157493401174381376e+00 1.000000000000000000e+00
3.108216284767213455e-01 -3.931581129588963996e+00 1.000000000000000000e+00
-8.850777228462901602e-01 -3.913276988075782725e+00 1.000000000000000000e+00
-1.900081187412110850e+00 -2.555664285531578095e+00 1.000000000000000000e+00
-6.062743813345088384e-01 -2.019897261072131300e+00 1.000000000000000000e+00
-1.071033800720676776e+00 -3.098218894225397868e+00 1.000000000000000000e+00
-2.906924465015345849e-01 -3.186643446224981524e+00 1.000000000000000000e+00
1.485931612066304641e-01 -1.821404583810319666e+00 1.000000000000000000e+00
-6.753243710331227057e-01 -2.948572267621992982e+00 1.000000000000000000e+00
-6.390335444026457035e-01 -3.495526139166575952e+00 1.000000000000000000e+00
-8.437735388444336238e-01 -3.618114888902874249e+00 1.000000000000000000e+00
-1.284686805221122663e+00 -3.196888187886999244e+00 1.000000000000000000e+00
-1.142471022230945543e+00 -3.538569928869868431e+00 1.000000000000000000e+00
-7.899496103018173176e-01 -3.153487926248208062e+00 1.000000000000000000e+00
-1.842191551445880648e+00 -2.286701503769958066e+00 1.000000000000000000e+00
-1.285988862365110785e+00 -3.679484247175657696e+00 1.000000000000000000e+00
-1.629470216170813668e+00 -2.341874312250066481e+00 1.000000000000000000e+00
-1.372947819360457400e+00 -2.577917828169304926e+00 1.000000000000000000e+00
-1.194803797391038591e-01 -3.530481433332758101e+00 1.000000000000000000e+00
-7.837026867279885955e-01 -3.301920505994679012e+00 1.000000000000000000e+00
-9.244890244417777181e-01 -2.445957278665114032e+00 1.000000000000000000e+00
-2.290673122284204055e+00 -3.002783138340900937e+00 1.000000000000000000e+00
-1.328471967460480130e+00 -3.062265453188030229e+00 1.000000000000000000e+00
1.831386814681401631e-01 -2.095637505201287887e+00 1.000000000000000000e+00
-1.645146214135425389e+00 -3.522543043692043518e+00 1.000000000000000000e+00
-1.396821827379532532e+00 -2.169895105527589685e+00 1.000000000000000000e+00
-1.737714614412832148e+00 -4.344280204879057194e+00 1.000000000000000000e+00
-3.524656736640731092e-01 -2.755291723772927082e+00 1.000000000000000000e+00
-1.414802084565159435e+00 -2.664471985152269351e+00 1.000000000000000000e+00
