-7.105613638895267314e+00 -1.200728302216410581e+00
8.113865878917248864e+00 1.331214529006679692e+00
-6.162849658026381405e-02 -2.720964921931733338e-01
1.958370842064722339e+00 1.599704035067766039e+00
-1.106595360273605166e+00 -5.087947546229238949e-01
3.691220984746285794e+00 -1.014725626500142530e+00
8.421123505764811057e+00 1.659426824307440151e+00
5.122248997719571761e+00 -1.771512847862071416e+00
9.454432143747624195e+00 7.758668911697899628e-02
6.456929737387593349e+00 -9.549774009921457862e-02
5.749446856810966011e+00 1.668917329985741826e-02
-3.119297855958462762e+00 -2.558578271838916202e-02
6.953310377379587237e+00 1.112509107619469084e+00
2.849498074305147455e+00 4.276562955947988409e-01
7.140851095924109160e+00 1.108427727171710675e+00
6.419576941735385844e+00 -8.274849999201638884e-02
-9.418809613776456757e+00 -2.322377418031734420e-01
-3.718306446645782692e+00 8.828636888304305375e-01
9.784302081591992106e+00 -1.153863873720035738e-01
-6.316069568468467565e+00 7.583592942919971103e-01
1.936306374889849025e+00 9.291728976291222519e-01
-8.122033140931684159e+00 -1.618539898081139183e+00
-1.392163226711144119e+00 -1.828003968834891690e+00
-8.799981325264361942e+00 -8.401970929902446983e-01
7.704041920874811211e-01 1.149539655546585104e+00
2.035196959940932970e+00 1.356734831690171506e+00
4.502715639064557962e+00 -1.521737189429215986e+00
-8.181255776198597118e-01 -8.776783384070545591e-01
8.175748807604705348e+00 1.376006160367333031e+00
1.595282360091815121e+00 1.620220978357555852e+00
2.866948583485530833e+00 2.342064114655160456e-01
5.846333767262727577e+00 -5.954985537899890602e-01
8.245405094581901295e+00 1.384978900617941155e+00
1.451016825782101449e+00 2.111313304992892714e+00
-7.580325019850087109e+00 -1.263823272217470706e+00
9.951518300089954749e+00 -3.778631176271622372e-01
8.698472902860771683e+00 1.274368920900855517e+00
-2.410593792393864732e+00 -1.073088559433538203e+00
3.600842364321444222e+00 -2.974813629178273966e-01
5.510820646442400772e+00 -9.810616463425873013e-01
-5.271917475881265247e+00 8.588474142809381373e-01
6.810515076026057102e+00 4.627855673953080173e-01
8.512723842967417909e-01 1.307929274186728552e+00
4.311797373688966317e+00 -1.276424919875171815e+00
-2.875103608445595427e+00 -8.432740785394238214e-02
1.452361412805894147e+00 1.586116347205415611e+00
1.333860172459059967e+00 1.526351158855675294e+00
-3.809578367830479095e+00 1.266527765196505007e+00
5.773836001536293949e+00 -1.231309580580513874e+00
6.535414924238697409e+00 8.716002393947053228e-01
-5.786532737601833176e+00 8.667781897869831775e-01
-9.851630308409855985e+00 6.362869899127324702e-01
8.727043526967158016e+00 8.847075872122657225e-01
-3.182458951034286443e+00 3.242368103166877735e-01
-8.517304593709278393e+00 -1.086484011409842632e+00
-9.706498140992987800e+00 3.125227671381995975e-01
-6.073169689271768590e+00 4.036815116313949292e-01
8.858388527838613413e+00 1.423251183227224104e+00
-7.715764044255564613e+00 -1.775770135352590762e+00
9.832524139715467015e+00 -1.278878700035550153e+00
2.484537747575398470e+00 9.815879501438422583e-01
6.905162720275278332e+00 7.737824425365724679e-01
-9.576003353909179339e-01 -1.296306564447193832e+00
3.887602059215771177e+00 -1.179219391345174284e+00
-3.102742000346885298e+00 1.655668715340998243e-01
6.186535528496474257e+00 -9.080881763698910314e-01
1.745501604673533436e+00 9.159917835529397534e-01
7.632334609648349755e+00 1.785904693660643971e+00
-9.373663941490853801e+00 2.037721836119171792e-01
7.262714453160977968e+00 1.263149898642524915e+00
-2.561681753734522005e+00 -1.009960500599350608e+00
-3.026391172784562045e+00 -4.881854058267963425e-02
-8.303655910162643039e+00 -2.061869799329814956e+00
-1.573023860560704534e+00 -1.889647806180511980e+00
7.545432961771364688e+00 1.315942078821802141e+00
-8.918701416565076201e+00 -1.129368971144588452e+00
8.525412732961740403e+00 1.587922534818490439e+00
-8.017086823167176135e+00 -1.634344490079898460e+00
1.175286784542732832e+00 1.401476093637414211e+00
-7.212845206980878388e+00 -1.280523909447355946e+00
-4.330256116174986403e-01 -6.075443820663332106e-01
-2.390102876438502832e+00 -8.470499312757201471e-01
7.236132929203826336e+00 8.656351238622228550e-01
-9.396614200196825806e+00 2.406411350379778491e-01
4.597815216008932282e+00 -1.195835033225596700e+00
8.799653322415249335e+00 6.361059318442523480e-01
-4.319833298973825286e+00 1.230048693948384564e+00
-6.038231578773405772e+00 4.819904150759135031e-01
-6.447615142977598524e+00 4.758677171498583713e-01
9.754079134110337890e+00 -8.194575374717107952e-01
-3.559383492910144220e+00 8.352623669741697787e-01
-9.973934350203668586e+00 1.217946284478475860e+00
6.054066826106772936e+00 -2.106320828431662573e-02
9.437470679533788598e+00 -8.463522376069558539e-02
3.573300808252511729e+00 -8.162511383165376166e-01
2.848030840131672292e+00 6.267919430672028724e-01
-5.807324614677684238e+00 6.968416177919707355e-01
8.989668861466213912e+00 4.647842490775141444e-01
1.952565217615349624e+00 1.716785570327600929e+00
2.806500181608846844e+00 6.783126681873554720e-01
-4.347313651626139475e+00 1.725702753857120575e+00
5.517497740124694516e+00 -8.521030566698825082e-01
-8.604462720401746978e+00 -7.857373282696504813e-01
9.263355237143894527e+00 1.038088413169866997e-01
-2.691958618617271703e+00 -1.923388496688149263e-01
-1.864379175929453680e-01 -3.130655125270512817e-01
4.378268582057810221e+00 -1.645179952159364634e+00
7.201344093727939821e+00 8.716758159733744016e-01
-1.654376878681935281e+00 -1.780164083898017724e+00
-4.158537226391185726e+00 1.207801385860520993e+00
-5.130173139711573072e+00 1.314530634249169605e+00
6.406142443751967619e+00 6.148644130080552772e-01
-6.908337479820385596e+00 -1.224114684517815910e+00
1.334553263337381779e+00 1.463842723968558523e+00
8.737498778119984877e+00 7.834138339457791256e-01
-4.906050140646152080e+00 1.647155783658190042e+00
-3.318648718784040774e+00 7.125123896275300517e-01
-1.982552307524921176e+00 -1.528318816011758452e+00
8.421662950500664380e+00 1.072921990933897174e+00
6.960760690224542913e+00 9.257312608708201385e-01
-7.239355633187738448e-01 -1.214426005327532643e+00
7.448177190588538110e+00 1.726925507010369287e+00
4.700960857437209484e+00 -9.165092864986528198e-01
-7.405258018262539821e+00 -1.227558344310443639e+00
-7.882494490884530691e+00 -1.733962145638118679e+00
8.342557929410261863e+00 9.620306003352316893e-01
3.413383921870725146e-01 7.817204260446386499e-01
-2.033997948260384270e+00 -1.089609938215300611e+00
-5.642407011332581490e+00 9.728404304579628681e-01
-7.128322109512296834e+00 -1.547527459340289457e+00
-9.222413270258464024e+00 4.901002826113604049e-02
6.725886302804319428e+00 2.501903514676218077e-01
-1.846291909217107730e+00 -1.689579293462013077e+00
-9.440386991406278128e+00 -3.527409367378409044e-02
3.990041047439820687e+00 -1.321897199830897485e+00
4.305106118970186913e+00 -1.217574962565159291e+00
2.655336957521649666e+00 8.098809841741453353e-01
-9.135531992783903377e+00 -6.620389735557459243e-01
1.019812567900629574e+00 1.180766574273916181e+00
-9.046692816075550425e+00 -1.200768245999550565e-02
5.620681037790342671e+00 -8.700233896449975912e-01
-4.104521696355871718e+00 1.876654447914491097e+00
1.744650188467097962e+00 1.451992873715844956e+00
-6.339343597194336155e+00 -1.333129934647884485e-01
8.620278712122875220e-01 1.699290224628452473e+00
-1.344016976176387601e+00 -1.651739922418608231e+00
1.338310275204158017e+00 1.158510070576869833e+00
-4.190886931801315995e+00 1.301002930555963610e+00
-9.714778523941095756e+00 5.465597871451833845e-01
-9.844310065353926831e+00 7.346538436543326167e-02
-3.477769234059309156e-01 -5.926531606998202140e-01
6.854119877444045272e+00 5.646169157931182347e-01
6.810772908937110515e+00 6.074677036093010241e-01
-2.382639813086089298e+00 -1.669746929857352846e+00
-9.810347609447628514e+00 9.769362059074995219e-01
7.001746168011891314e+00 1.153553802164311692e+00
4.878327088771236220e+00 -1.725150152779540091e+00
-5.636623503376454458e+00 9.039321418895168714e-01
2.076165389467053757e+00 1.387501116121288680e+00
-6.559501854544704358e+00 -6.537951982982198595e-02
2.632309369932110954e+00 1.083813459090221532e+00
3.058133034411092410e-02 1.214203249562718495e-01
-7.761883213113929258e+00 -1.451006885778906685e+00
-8.002207402229304378e+00 -1.545371929028791946e+00
-6.738697833763900746e+00 -1.096227768384211210e+00
-7.324277615082852577e-01 -1.092564452621245685e+00
-3.945153683154567048e+00 1.574632303442164094e+00
-4.548816704695251012e+00 1.146189336622444266e+00
6.487271054174335916e+00 2.585736978264170927e-01
7.470985344163572961e+00 1.126918606661669653e+00
6.347998379728853280e+00 -6.238710671518170603e-01
1.484616398227744938e+00 1.418844605921809165e+00
-7.067668481760163601e+00 -7.026605373387502240e-01
-8.971677551505383263e+00 -3.695339230439073641e-01
3.310489438866056844e+00 -2.548478821333704514e-01
9.236013159586864418e-01 1.414462591367081634e+00
2.650027164471630670e+00 7.476797632015662609e-01
-4.210070049512248502e+00 1.755003777699477574e+00
-8.684888027810570676e+00 -9.827513185374009419e-01
3.767491454605117696e+00 -5.430951373885775091e-01
-4.013035345398050069e+00 1.380931499602531698e+00
-6.367193350281887376e+00 -2.914656429684886474e-01
-7.472137065221886587e-01 -1.095677913247877333e+00
-5.428728661868753136e+00 8.730623387492157939e-01
-2.058382049936547276e+00 -8.141972199110105723e-01
2.572472539569199412e+00 3.484190139204235148e-02
-1.837713989955425120e-02 -1.645950689312637438e-01
-9.533479989377962482e+00 1.745040637573060660e-01
6.968079401561524833e+00 1.037981300484460911e+00
-8.730284407731032204e+00 -6.833482105451316180e-01
-4.782710201117250648e+00 1.259431799273532659e+00
-8.569825867898295257e-01 -8.280238010170218876e-01
6.423062619585834909e+00 7.850267068222768208e-01
5.624207003813273431e+00 -7.181791401209653980e-01
-4.403167592878634018e+00 7.214547223889175021e-01
7.017321781024705274e+00 1.001721094126952760e+00
9.375812152946082279e+00 -1.880227112934925171e-01
-3.227711803994004924e+00 4.848080142011504945e-01
8.418462739660888872e+00 1.315244130292250180e+00
-9.604791906995629347e+00 -4.690860216081148559e-01
-8.554964981738653051e+00 -9.713367948575105659e-01
-4.681955936580131095e-01 -8.916225009206076857e-01
6.950656325214790598e+00 1.109593451252790963e+00
5.968025508181295180e+00 -3.080919316100044214e-01
-3.280940881612317561e+00 1.545211685409732527e-01
-7.189094629290513794e+00 -1.399959556548746376e+00
-6.452088998047232238e+00 1.072819511819904204e+00
2.539443144701284183e+00 4.421788688091108921e-01
-9.124640853408774177e+00 -5.329264022501640774e-01
-6.044873993703232529e+00 2.750085778019965010e-01
-9.022816802559983529e+00 -6.756063091216653049e-01
-6.154837876758916693e+00 2.178411087099598464e-01
-7.498132896555881999e+00 -1.955036587488412803e+00
-9.319098449016207653e+00 -6.032709610800503219e-02
-1.496916108462592376e+00 -6.807782800129974499e-01
-9.662943057093684729e-01 -1.293961811883738600e+00
-5.064524108549035120e+00 1.166653396641264440e+00
7.699988558091753532e+00 1.402325393753247162e+00
-6.633735900050643508e+00 -3.056453977719846282e-01
5.848198925624323863e+00 -5.963838722977800044e-01
-8.998380817339551641e+00 -3.230979404366721708e-01
-1.918764809958954487e+00 -1.604314840279175147e+00
3.255961461572967508e+00 -1.831754908494465373e-01
3.175572163797523828e+00 5.557055501551833726e-02
4.469829576359138912e-01 4.106424171327187622e-01
8.779459117224092779e+00 1.108008902859561662e+00
-6.510999062243765678e+00 -4.406385363001529276e-01
8.132023528860180761e+00 1.481475451404910659e+00
-1.465573708632517125e+00 -1.831585096111414623e+00
-7.263630945142836026e+00 -1.056631954774413851e+00
6.433452365960835806e+00 1.448219806691806166e-01
8.192820370190553092e+00 1.551976231552482544e+00
-6.667512195547294240e+00 -9.149354269419744945e-01
2.224926306182696933e+00 1.210476411829287224e+00
-9.098145703609787915e+00 -3.425442463955126748e-01
9.857416265913691689e+00 -8.475500735999916824e-01
9.694398567576939740e+00 -5.393063618493050271e-01
-2.920290165090657197e+00 -4.194592193173387051e-01
-7.914134942770378878e+00 -1.865363868730644414e+00
-5.024970562912224992e+00 1.519340572469465966e+00
4.187498096945246218e+00 -1.236621947917467157e+00
5.085153712760192235e+00 -1.798567199889423929e+00
8.100408609591823961e+00 1.595590838547512824e+00
7.291619163303458606e+00 1.074999926654611082e+00
5.299559354270794387e+00 -1.152612803090938609e+00
-5.910865917427408078e+00 2.038297529260572616e-01
-3.326733884483874526e+00 -1.633827769071916070e-01
-5.044912291436074447e+00 2.308670756821363135e+00
4.182930166364435820e-01 6.492219467848999725e-01
1.741750701247148925e-01 2.654601898339603583e-01
4.530192059141196381e+00 -1.247152257452144086e+00
-3.847856835993505698e+00 7.690966071542075788e-01
2.734561125542981586e+00 1.015064519443241275e+00
-9.269453424570567535e+00 -1.243510605115355772e-01
7.661399471828858054e-01 1.045251019674200643e+00
-3.362363619218893263e+00 3.469869420760509082e-01
8.054987195855645155e-02 1.789161131747407651e-01
-2.235139376430890223e-01 -6.491715396136288341e-02
7.337075301135406846e+00 1.725592546011008643e+00
8.827001012139678693e+00 7.267665530631691739e-01
-6.865948052461046558e+00 -7.284560943524953647e-01
1.491998784658736810e+00 1.592831979995730673e+00
3.450815207129132034e+00 -6.970009914427007791e-01
-3.853330132468027358e+00 6.549742582101253374e-01
-1.862820595493293041e-01 1.213638774292952749e-01
9.178898133640416290e+00 2.192067042600935878e-01
6.656968061490253774e-02 -2.305427148281417871e-02
-5.769300734064090719e+00 1.542964701965787722e-01
4.634715082824843790e+00 -1.492521903608977407e+00
-5.415713853318024462e+00 9.158588798007863963e-01
3.764680339176917911e+00 -9.313448349048308872e-01
7.899652876512732291e+00 1.247796099177084894e+00
-4.203112454115556673e+00 8.273692542466497546e-01
8.707669078530013707e+00 1.246143967982024314e+00
-1.216748614245020121e-01 -1.888072030254665523e-01
3.383145485667064634e+00 -6.165483336599044684e-01
5.399557464644217930e-01 7.493023185150049503e-01
-4.838136752542949282e+00 1.450095874280138863e+00
-8.228308208002424351e+00 -1.525078928598212258e+00
3.868663508273090912e+00 -7.070250376146999249e-01
-1.034900103763476409e-01 -2.367992640831109441e-01
7.996152207458457895e+00 1.463955557787731898e+00
-4.249270628332151745e+00 9.811734889197150089e-01
6.115087432785013988e+00 -3.602755894452825958e-01
-1.556849725880828927e+00 -1.042375288243522435e+00
-3.377855720385269933e-02 -2.164605999704600769e-01
4.401043276831719808e+00 -1.974383193067597908e+00
-1.272374566005380458e+00 -1.402563881326987838e+00
1.042597102862989900e+00 1.283209513483824837e+00
4.510122136190314990e+00 -1.012163549254420980e+00
-6.270701620778638130e-01 -1.033479524329859789e+00
-1.835133394784691063e+00 -1.440434084095995049e+00
6.549434142698629557e+00 3.057413062970541495e-01
-4.463562109648460563e+00 1.587711271723012407e+00
-7.179733462647968523e+00 -7.513363499944334389e-01
-7.586718116145632074e+00 -1.412730900592727989e+00
3.430916650879753504e+00 -3.070660714720440110e-01
-4.964932115893212483e-01 -4.027899951376884835e-01
9.528533556953178163e+00 -6.150051476870527223e-01
-3.215472142912148001e+00 4.680012191922502951e-03
-9.752244315303482125e+00 6.119106987389717478e-01
-7.127178087002277174e+00 -1.014772460709977064e+00
8.454342639071054322e+00 1.245134784410500073e+00
9.880071242130149756e+00 -2.855053346506528644e-01
-2.485335849793663954e-01 -3.107986484234599445e-01
6.311968914599962233e+00 1.011216652763364532e-01
1.609162201962487160e+00 1.609384706453392155e+00
3.671408355035438831e+00 -8.506517241923421402e-01
8.054208361472731781e+00 1.265619147540164136e+00
8.668232711097669352e+00 8.204361184644397564e-01
7.958828569225339322e+00 1.321040968201318666e+00
-6.732739186253109409e+00 -8.763705287492797869e-01
5.943399358462293947e+00 -7.069277767667327961e-01
-8.903453588394096840e+00 -8.186088635715574879e-01
7.836122130930316843e+00 1.466674643223454977e+00
2.755269563976799674e+00 6.337377623865299014e-01
-7.764913941362443950e+00 -1.621257411263526738e+00
5.492265706468925757e+00 -4.512841465316098644e-01
9.633984828651847465e+00 -2.583263615766305255e-01
7.761609503862036519e+00 2.215748213389741927e+00
-5.788643835263624915e+00 6.395760991734089629e-01
9.485245526152770168e+00 4.505362351582973268e-01
-5.920173336142151577e+00 6.630143176075842248e-01
8.996259856409977829e+00 8.306406948884894614e-01
-1.343754355555667246e+00 -1.172941054447832920e+00
-7.920315709630663115e+00 -1.632729975177882986e+00
6.786501347952999197e+00 6.937881096568767614e-01
-4.172149889195431172e-01 -2.392928277082858046e-01
9.193020341733074474e+00 9.447223460626413827e-02
9.033337426165282125e+00 7.513493675530114047e-01
9.695697375818969732e+00 -8.352366798691432948e-01
6.898558299407323346e+00 1.052151904806063021e+00
2.435993688574086491e+00 9.571473697796316626e-01
9.739887622726485006e+00 -6.782520791581432285e-01
-1.248990808615142001e+00 -1.719086097105906763e+00
-6.059591120348770232e+00 6.654648108916262350e-01
4.929792874031164729e-01 4.536443074018470800e-01
-5.779775088556591278e+00 8.369337729466090892e-01
5.507020953674583552e+00 -1.553211341273009527e+00
2.425659872200075284e+00 1.427291749549864708e+00
-3.475261481451770607e+00 1.022588233123547519e-01
-3.805487479046865573e+00 1.111786522622473683e+00
2.939866431287963877e+00 1.889205931511572789e-01
4.354819504496497018e+00 -1.091579761066500343e+00
7.734525268656117447e+00 1.746946311235092919e+00
-3.424876311739510903e+00 6.622810908782917894e-01
-1.320546586347489892e+00 -1.194807961166801435e+00
3.719659393476337783e-01 6.210519607825912836e-01
5.277447887060127130e-02 4.262707119371784287e-02
-1.329898322107524677e+00 -1.296834860844629400e+00
1.430085191013798607e+00 1.591338970893795945e+00
2.842420058299282459e+00 4.808992720139148580e-01
-4.036255154532693012e+00 1.087776558019141859e+00
-9.418249874862659965e+00 2.167526292650754915e-01
-5.135756293087276880e+00 1.891791859162219591e+00
-7.684010351775398817e-01 -1.315380388852239291e+00
-5.206636140132891555e+00 1.117201370080023626e+00
5.390517040504372304e+00 -1.178492859336288889e+00
-5.004675237533988685e+00 2.065249182341321266e+00
-3.734018575308299503e+00 6.672481730986662418e-01
1.214049772133385829e+00 1.565159308237874303e+00
4.910007644578760377e+00 -1.440419172861864938e+00
9.182172885300296628e+00 3.506107918781784516e-01
-3.966893229350176853e-01 -5.014722822940390623e-01
-5.686229173653545743e+00 5.530481149038009026e-01
-1.048408869364196860e+00 -1.192544407490461200e+00
7.407483058190599934e+00 1.289751680869326345e+00
4.210106908938339387e+00 -1.406454817225223808e+00
-6.855934312501037908e+00 -8.766863604058900972e-01
4.682312722136661165e+00 -9.621493688456047577e-01
9.290117676894197984e+00 3.738106890749051114e-01
9.251533555605799819e+00 3.507527158433867420e-01
-3.140386767382061350e+00 6.380027278675539648e-01
8.102201920024427295e+00 1.359412991903031109e+00
8.443221353908661797e+00 1.564573576035812819e+00
-4.627682472088192611e+00 1.512818689360338587e+00
3.685611686683003541e+00 -1.263281275904044598e+00
-2.935859085655683209e+00 -2.600618743025799873e-01
-4.739319647578006389e+00 1.572314968900997423e+00
9.213619414012693909e+00 5.236980773560164781e-01
-3.427343563607023746e+00 4.056321261669834088e-01
8.641368002274205651e+00 1.132642546232577541e+00
1.796875361203669641e+00 1.708710277118049570e+00
2.747661922137821122e+00 4.346995023954101089e-01
-1.482093165647810906e+00 -1.596378006035053199e+00
-8.361588215675240576e+00 -1.640427600061827418e+00
-3.327560088276642070e+00 1.898076122164650825e-01
4.564721874113324418e-01 1.210343100726311238e+00
8.021507113351489693e+00 1.729388169811608922e+00
-9.006452919373479915e-01 -1.088434688232866820e+00
8.686358774095637614e+00 1.205580370335545215e+00
8.274336787972700336e-01 1.123633335934031363e+00
-1.472817852321401944e-01 -5.491213633120134441e-01
6.150842703302938475e+00 2.161382043341447678e-02
-9.475143617166139620e-01 -1.189734793120462708e+00
-2.864847816290508220e+00 -6.992747908426621972e-01
-8.533195449336794525e+00 -1.318214455906259186e+00
4.537365843554228562e+00 -1.226375030281083855e+00
4.140311356510872898e+00 -1.275740750146433289e+00
-5.759481935112846784e+00 1.527275368985892667e+00
-3.114165879869570830e+00 3.230621983222690119e-01
8.712300368072131818e+00 9.669076730573012979e-01
-7.194350936320059731e+00 -1.940175602228374263e+00
-6.150433619811341401e+00 -4.875464202188967144e-01
6.418351831123324303e+00 8.207444600855393624e-01
-9.065121825639025133e+00 -7.432785294655273045e-01
5.407992096097316903e+00 -8.938097604925908657e-01
-1.219032285773941737e+00 -1.638806716522191120e+00
-7.746401506893820788e+00 -2.054115805941655992e+00
9.735535826309753560e-01 1.343873656642620373e+00
4.899634323528090363e+00 -1.213985913634103353e+00
-7.020279109368567916e+00 -5.597352736786065375e-01
-1.267381558929752572e+00 -1.031770975841201476e+00
-1.694141515297378220e+00 -1.620798309601383824e+00
6.368314273746548793e+00 3.713239415304936397e-01
-5.065665819650677193e+00 1.453864707052263228e+00
-3.116470874638308075e+00 -5.706465657958227633e-02
-6.057052627119281496e+00 4.379525471142846627e-01
-8.889142136996452948e+00 -6.807319840164874902e-01
5.131391289551846313e+00 -1.337122874699302022e+00
3.388084829441748269e+00 -5.581397587955834183e-01
4.329238220630294620e+00 -1.434212336554433698e+00
4.925068370106211901e+00 -1.610785165581440914e+00
-9.867009360102052540e+00 9.541736858367204643e-01
8.046756410098463874e+00 1.239632099909139695e+00
4.513500110356559958e+00 -5.953474152658049245e-01
4.254642972588856153e+00 -1.391345586626483222e+00
-3.149171555157677105e+00 -5.995395501849961617e-01
-6.753689876657222868e+00 -9.681505523942608438e-01
3.889715588968025273e+00 -1.335421355366694041e+00
-5.693911199037242632e+00 6.436017718205393479e-01
-1.776832263876764628e+00 -1.391131321899110151e+00
-5.385444522143744805e+00 1.016265631305663719e+00
6.997699599720519359e-03 -2.070266706729176898e-01
-2.987472066196888321e+00 -2.605653755094777813e-01
-6.832952592245593593e+00 -1.101611067103157815e+00
6.037405400103466491e+00 -6.271406509986575672e-01
8.118804226228697019e+00 8.966553851535837838e-01
-8.462803937817149347e-01 -1.109603928389058414e+00
-5.241948848495425750e-02 -2.681996963705070569e-01
5.394428261161701599e+00 -8.160466718460461788e-01
2.832166190273845530e+00 6.986417036809533521e-01
8.265872107773720501e+00 8.732150332852999242e-01
-1.347442284195075501e+00 -1.704646246229201134e+00
-4.547719062508750909e+00 1.290527154681879285e+00
-6.526119978395225729e+00 -3.795675156362752212e-01
1.974551056527047876e+00 1.938301450746046983e+00
-9.964262604079614505e-01 -1.131340070188601166e+00
-1.942725020843884209e+00 -1.255147447201530486e+00
1.135770372856796939e+00 1.599446872909644268e+00
3.674739082313136507e+00 -6.666634164209590541e-01
-5.068894060844133520e+00 1.404496738253502741e+00
4.477101614550376141e+00 -1.607021813299009283e+00
3.925570894161154456e-01 6.356111827816718352e-01
-5.119294086995768822e+00 1.576112821702651212e+00
9.160661260933611771e+00 2.578089200853128649e-01
-9.387398566765659425e+00 4.913037187878722956e-02
3.343216710643790890e+00 -3.838291544809458999e-01
-8.434150551505350535e+00 -1.033480754798147050e+00
-6.905513380068519780e-01 -1.093987444084286054e+00
-2.832594635262879024e+00 -7.737246898536378481e-01
6.405641664836537075e+00 2.929532317439756950e-01
4.869479309790287758e+00 -1.616768880759882343e+00
8.405856152558776273e+00 1.809071480130463705e+00
6.111307073762937137e-01 9.883608398539937001e-01
4.037318615396472410e+00 -1.053985707468264366e+00
-5.083123378931477809e+00 1.371382696675798263e+00
-7.018065757375597791e+00 -1.139271639862311725e+00
3.163413734025333213e+00 -2.670699719821423290e-05
-5.621759754675270671e-01 -1.066745094189604393e+00
8.866371250684665029e+00 6.195913210844216090e-01
8.223608194592273435e-01 1.083446879281609210e+00
5.653475797500897571e+00 -9.717379549374707270e-01
-4.764975752783612961e+00 1.890403977698558613e+00
-8.663144569470730971e-01 -9.786783470082195402e-01
-7.689876421964640940e-01 -1.102831258063731612e+00
-6.049451984006166683e+00 3.577930853218486140e-02
4.057431350736885989e+00 -1.349666690852335149e+00
9.861987649084106522e+00 -6.225689680263183368e-01
3.777883697453535916e+00 -7.480503073587918550e-01
2.936881872488575240e+00 4.199519830954212551e-02
-4.934281780474876200e-01 -2.498437762375209648e-01
8.131336976169578179e+00 1.631227491700362853e+00
8.102002067682118280e+00 1.259283068450876453e+00
7.043297210940778541e+00 1.116685451200785106e+00
-6.051070411602377241e+00 4.157038445612467603e-01
6.028781361000582706e+00 -5.996235954668358570e-01
9.996881237155260891e+00 -1.030649312971359199e+00
5.968378559315024035e+00 -6.377731530608363730e-01
8.011078610363142616e-01 1.349114422465177210e+00
-3.926156461485302174e+00 1.132024117085099091e+00
-7.845703069656211781e+00 -1.744119168260597874e+00
5.746917016408266576e+00 -7.670407571200675845e-01
-2.884221781163327947e+00 -2.062995565590564073e-02
-8.713072593419129319e+00 -1.618653208481545924e+00
4.550307942649125081e+00 -1.092168726909046317e+00
7.691975794207579042e+00 1.182363050865261167e+00
5.109367580243722173e+00 -1.475027603163815870e+00
4.518019153167326607e+00 -1.879030706263014494e+00
-7.358904791424478731e+00 -8.372293506546146791e-01
-3.317571610103719593e+00 6.628916223279439635e-01
1.561835329968108255e+00 1.503238232225973858e+00
2.578137428627730543e+00 4.941421957236530882e-01
2.492778644726465487e+00 9.494457230024216932e-01
3.822449416860600024e+00 -1.397746598361784054e+00
-7.689942569987955778e+00 -1.428467909517703083e+00
3.242907353569011164e+00 -4.233346353904913206e-01
-8.816095498218654569e+00 -9.478495901324567319e-01
-9.189837797406070763e-01 -1.758642274873126965e+00
-8.502661303161751505e-01 -1.421760335799159281e+00
2.580009440104964469e+00 8.767021100569811765e-01
4.399349387468802774e-01 4.174721705102492075e-01
-6.560320506970929166e+00 -4.051360303751193048e-01
-9.205328537250437648e+00 2.375026688490382010e-01
5.360302054055413379e+00 -1.162554331194718626e+00
5.634953294820565617e+00 -8.026495992913762478e-01
-2.508649611772320043e+00 -8.020227156811626790e-01
6.799557026678101579e+00 7.404783316872686205e-01
-8.244474572730766226e+00 -1.802510545582575618e+00
4.751072309954393447e+00 -9.742060997890429341e-01
-9.297661102685548684e+00 9.784173254531153274e-02
-9.628872457687904785e-01 -7.827178424517886590e-01
1.356459007885014501e+00 1.337178892737974190e+00
-9.045133281761597033e+00 -7.373398599486937766e-01
5.595019853376161478e+00 -9.493449841014431900e-01
1.290214727615930812e+00 1.371848799657577889e+00
7.243384727885164409e+00 1.575298274298755352e+00
-2.843850351603145477e+00 -4.635095323943837498e-01
-7.423990831437841109e-01 -9.470262853062846320e-01
-3.386402272056978191e+00 6.646979930132614900e-01
7.661735396597045167e+00 1.569035710394035998e+00
2.957281002789496682e+00 -1.842056594784541312e-02
-4.871419267517815399e+00 1.206455855571202607e+00
2.543747458738774725e+00 1.372566327765634142e-01
7.396612208855430026e+00 1.640377767843207657e+00
6.312766856819251871e-01 8.104018249308808652e-01
-2.976654243809484512e-02 3.182148171233766809e-01
3.596715738539078444e+00 4.620028672603337938e-02
7.032122205553015704e+00 8.948716169778017093e-01
-4.054589666842507434e+00 1.167368486260576210e+00
-3.234865211062420975e+00 5.910534706969029772e-02
6.879390200019233959e+00 5.920912922658481126e-01
8.689820814671282534e+00 1.056669110943852186e+00
5.490772798085192363e+00 -1.369424268678461232e+00
-7.045637291568940697e+00 -1.288911833038043131e+00
-5.735015222618125463e+00 4.345003252076649058e-01
-4.620577903593350300e-01 -3.695711719099244452e-01
-8.733386014199350456e+00 -5.162674550862880185e-01
-8.606828881594935865e+00 -1.209657941220802613e+00
8.621906416679266272e+00 1.100405179112884158e+00
8.643819214835936293e+00 8.733087169036861663e-01
2.766625278192645254e+00 2.668425252103557854e-01
-2.199903264816929216e+00 -8.293903097165569172e-01
7.045177930652339882e+00 1.277772773217848545e+00
-2.706248522360970021e+00 -6.983879753387313150e-01
7.789861614022520087e+00 1.446386168190205712e+00
-8.022065629790144925e+00 -1.849493047263476964e+00
7.724534139307998259e+00 7.652940507382564039e-01
9.299162639495285987e+00 8.097552548192317179e-01
-8.512090568747856523e+00 -1.245183572595981891e+00
2.450309363237735738e+00 1.023530583839292296e+00
5.762639310593511865e+00 -7.801758157989631126e-01
-4.169343712103361632e+00 8.042080632719577071e-01
9.664959321987669938e+00 -2.254583608099795244e-01
4.218759076852471424e+00 -8.704237022253187295e-01
-3.891867448629233728e+00 3.962983673625267711e-01
9.142701384759543970e-01 5.245554962225037476e-01
4.458750242367878869e+00 -1.659923179016271622e+00
8.774592433939606195e+00 1.245937622342462081e+00
1.992901221596861561e+00 1.740502700037450667e+00
5.559908370885999318e+00 -4.791326049011304100e-01
4.003857947909052584e+00 -9.657059585747923558e-01
8.975184244420475466e+00 6.481430851109102331e-01
-2.798183432637677548e+00 -6.117072086004800013e-01
8.667455489048755624e+00 9.440007915899260027e-01
-9.097193184174383163e+00 -6.550073297130845074e-01
-2.492349746878050887e+00 -8.991927955332684741e-01
7.812014618312090874e-01 1.211444701344505770e+00
-4.248659846412206065e+00 1.071741780265559330e+00
8.773620466440160470e+00 6.465345183561028719e-01
8.552688882938749515e+00 1.430679963649802877e+00
-2.916817418870691903e+00 -2.119511403487280843e-01
-4.373549564206866691e+00 1.601005517151624202e+00
3.783001412957101905e+00 -1.217786861815755461e+00
5.970907255605828468e+00 -6.894212141755305945e-01
9.944234410170082583e+00 -6.018596706148995334e-01
-9.438754664458681276e+00 -3.482777726739229029e-01
-5.341985333875189923e+00 1.215606813586536772e+00
5.448052068671030312e+00 -1.159862432680635269e+00
-2.177052581657754615e+00 -1.718835153992234410e+00
-3.458909912847428103e+00 7.391185197242879923e-01
2.362247315574869333e+00 1.117963484214457237e+00
-3.774966913256321277e-01 -2.088236589994316161e-01
2.124447409126217323e+00 9.051224558438013545e-01
7.356640616408647304e+00 1.181680476599670682e+00
-5.736017272004367840e-01 -8.306906654827760361e-01
-3.877185169347752591e+00 1.189947413375646246e+00
4.987644625024358902e-01 6.729846328403560340e-01
4.181409690058577766e+00 -1.249845721569760260e+00
2.954055944535641132e+00 6.409179018402688666e-01
3.146012856549351255e+00 4.710348585613716166e-01
-7.000098117299248912e+00 -8.407122731111442704e-01
-8.017181434064941215e+00 -1.336801553775379015e+00
-9.639958719139951171e+00 7.181245940086358748e-02
6.143492256670189278e+00 -3.915502811410734862e-01
3.640451016995418954e+00 -7.887678094024486164e-01
-9.373512129525602532e+00 -2.093463200844880023e-01
-8.147054136267595226e+00 -6.914715370887180024e-01
-6.944438717940526473e+00 -5.375644763945925941e-01
4.954773879796857017e+00 -1.099425899646768956e+00
-7.701417173372631098e+00 -1.657641879995269241e+00
6.077144571130666861e+00 -1.210761250341867712e-01
8.799908575291361501e+00 9.599076513682668343e-01
-4.783871236502026392e+00 2.190437813533101519e+00
5.788453960374216223e+00 -8.688499192819864048e-01
5.599108072621250543e+00 -1.188879506857646762e+00
3.271504817458392722e-02 5.801595689764291186e-02
8.904195402355721711e+00 5.345964150081892186e-01
-4.411476209253262226e-01 -6.982042670698695996e-01
7.571589447249060356e+00 1.821446708108855228e+00
-1.267525705275227565e+00 -2.067139103238254449e+00
9.873203407400563236e+00 -8.988922375627195205e-01
5.872662652769539804e+00 -1.507754584621718630e+00
-3.299329150563306001e-01 -3.588056775794304931e-01
6.685685144607774077e+00 5.497028092148731337e-01
6.397777973671637142e+00 2.432468798556301492e-01
-3.166179429838429371e-01 -7.538348473780605019e-01
-2.205303525586577607e+00 -1.619286935754172152e+00
1.543341458117462039e+00 1.048346302391270912e+00
3.518969665923970425e+00 -4.012570918765676620e-01
-2.410599562445161936e+00 -7.726425828931472450e-01
7.604576783823397079e+00 1.567982316467021242e+00
6.738373460438904061e+00 8.781808921185034755e-01
5.774475962342503266e+00 -9.323797304823595589e-01
-7.115676283667522029e+00 -1.460475661436434258e+00
-7.688842036310692407e+00 -1.401611019673233427e+00
-1.123798739992505347e-01 1.074228560534680188e-01
-8.938078437850204949e+00 -5.720475691381204930e-01
-7.542922796631681415e+00 -1.542019993859332638e+00
-4.902564245372551532e+00 1.547336073659225208e+00
3.088828510961526774e+00 1.040057230330286575e-02
-9.964586415808156517e-01 -1.484715183647896453e+00
7.885178787408122503e-01 1.046856361219320242e+00
8.346612900841346772e+00 8.854270280138072380e-01
-1.861077506904278422e+00 -1.487656990573833937e+00
5.112505969496343283e+00 -1.770354625594664277e+00
2.018986724339029593e+00 1.002429244932035335e+00
1.368595989931371548e+00 1.808919388854997701e+00
2.822868590515348330e+00 7.451662210652354457e-01
9.833129918761791544e+00 -3.794623164977058982e-01
3.859238092593628267e+00 -1.363468792068646795e+00
7.313945120951604650e+00 1.292508242388080930e+00
8.023841683154945059e+00 1.420192399225664204e+00
8.688220921150854537e+00 1.015121113924648544e+00
3.186845302428970683e+00 -1.715573192428275495e-02
4.839256494039743117e+00 -1.635235374765646954e+00
3.414968129644805117e+00 -4.173915421546986471e-01
1.889234840383274161e+00 1.695104269271510145e+00
-8.196315673538538960e-01 -4.340268861515735876e-01
-8.623587483163603906e-01 -9.461588630475150641e-01
-9.761053766330398673e+00 4.243124472566186522e-01
-8.074434632203981721e-01 -9.759250778031959284e-01
3.902363574667916168e+00 -9.317564374586048137e-01
6.891005881086730511e+00 5.253247553672387715e-01
7.037005692689678682e+00 9.944592601048867220e-01
-6.012367713369409117e+00 2.234335257373286088e-01
5.466227587232575402e+00 -1.397979207973190530e+00
-6.858247145838801018e+00 -9.400976566186376449e-01
8.679187691133869009e+00 6.229785394757458850e-01
-3.654979928430000413e+00 6.329106953301393279e-01
-6.952362712607129680e-01 -1.328461789912257052e+00
-7.714091136335170518e-01 -1.300320411123607522e+00
-3.716143372322990857e+00 7.021758470124574991e-01
4.997898461814036963e+00 -1.718175164615956430e+00
-1.529403011249570454e+00 -1.338485572268771628e+00
-3.904502563665472437e+00 1.216582225650868487e+00
9.408896497803389991e+00 -4.940825225286432087e-01
-3.460446707685116863e+00 5.578751483789212706e-01
8.659514280904833328e+00 9.727249876206779389e-01
1.180056418378320870e+00 1.597368878882111876e+00
5.584971487650769006e+00 -8.306757507850243138e-01
-5.139391495603556237e+00 1.941489423171664175e+00
6.294457657765477165e+00 -2.768555976423582934e-02
-6.095022362605632793e+00 1.085785634720940473e-01
9.662836243508788669e+00 -7.232611747536561442e-01
-5.348388933472440598e+00 1.225571924116105826e+00
7.461446091457702323e+00 1.458541725488196494e+00
-5.107471669419192395e+00 1.072666095464970937e+00
5.219762723060455301e+00 -1.624967283184405087e+00
-6.219762214809126277e+00 1.998063402546537692e-01
-6.706514986849314575e+00 -8.375188789555080282e-01
9.001622968929403612e+00 3.863131320215597020e-01
-1.371504872348012327e+00 -1.304043569984250750e+00
5.340741216708057237e+00 -1.652137726624135494e+00
-8.484217063484464916e+00 -1.919950832650759498e+00
-5.943188116748611804e+00 2.728154678399680177e-02
-7.758594947839783096e+00 -1.409585105335760202e+00
8.956271895342716505e+00 5.060888721884615471e-01
9.158535628751071300e+00 5.413000366234672622e-01
8.354357461664097428e+00 9.646438497677707335e-01
8.116753458450503445e+00 1.167352416954138494e+00
3.405512177949924890e+00 -2.410536661308628481e-01
-2.462203783368619447e+00 -1.045761113824327682e+00
-9.338340065531848921e+00 3.975602319180790434e-02
-9.504143538398217572e+00 6.379108165165071620e-01
1.660641071919704004e+00 1.589677036998938586e+00
-5.764399213683710776e+00 7.426163187202469151e-01
1.651557748165901174e+00 1.405119741899144570e+00
-7.457175189332653886e+00 -1.547114715375594862e+00
8.133456754373618480e+00 1.559336480039475559e+00
7.570220439798916345e+00 1.119640168506212063e+00
-1.339406881333019328e+00 -1.601136565685951307e+00
-3.654771831988754549e+00 4.744244862964419607e-02
-5.272047865777109266e+00 6.417697035994885946e-01
4.578785039961687175e+00 -2.204478160417770116e+00
7.948929387409474856e+00 1.777466071132106640e+00
-7.737322148781395903e+00 -2.149088345111544562e+00
-9.302987757987184025e+00 -2.950236270976298036e-01
-9.836443463979955837e+00 -2.559757178008648104e-02
4.852312226790672867e+00 -2.046864314111344729e+00
2.927738337310607619e+00 -5.966189372129482305e-02
-8.963233581946932205e+00 -3.060208939696934527e-01
-5.861659923700215380e+00 1.009597482341297869e+00
9.454483030539332589e+00 -1.129630803432915553e-02
-7.786367809664447748e+00 -1.291206534579057985e+00
4.162153200754250548e+00 -1.583044911403205468e+00
3.283282633909291093e+00 -4.124438604773408845e-01
-9.487518581435072207e+00 3.090347451592045935e-01
-7.027286314967748915e+00 -1.317018896155506269e-01
4.513061206835587313e+00 -1.659426166485217458e+00
-6.501960537534003493e+00 -4.178682867891357344e-01
3.587953948570456575e+00 -1.251322483888545056e-01
7.417113240751010750e+00 1.413421168804614991e+00
2.873236652867188212e-01 3.017286113645521461e-01
4.355218218539143038e+00 -1.024343962936547392e+00
5.619414557831646562e+00 -6.611466400747900707e-01
-1.744529631346701137e+00 -1.259767973076331371e+00
1.422767895998557464e+00 1.502536937886087554e+00
-3.435738494768800777e+00 9.023684860718703682e-01
9.601906489868646588e+00 3.969911643037454807e-02
-7.379280704224413512e+00 -1.427544558871163050e+00
1.695189023762502245e-01 2.887311218222022857e-01
6.521073754162213021e+00 2.269679798167169305e-01
1.302633241919197715e+00 1.742370965972697361e+00
1.291058614006018956e+00 1.528068393415714210e+00
4.123227625498238069e+00 -1.421294282247104190e+00
-5.280309012510764788e+00 1.490292108761640089e+00
3.709559021942121504e+00 -7.744160420355898911e-01
9.533476879902842427e+00 -3.501890437021624169e-01
-7.857448326649809189e+00 -1.265293828316563784e+00
-5.195139277335314887e+00 1.266370177545568465e+00
5.283354254431291253e+00 -7.833619351776692774e-01
-2.958951527526560987e+00 2.380194609890040613e-02
2.075239498714395836e+00 1.001257247871528477e+00
7.900817313072963088e-01 9.512287842090257906e-01
5.529928733225323967e+00 -1.079741393056704579e+00
5.701748202578757585e+00 -1.001689524641635076e+00
-7.449218430947541769e+00 -1.451550228642016105e+00
-6.161216331966650195e+00 -5.514851718600450869e-01
-4.372535692829528919e+00 1.848785418947387349e+00
2.094871565562232973e-01 2.758521945946885712e-01
6.640356099919490163e+00 6.868035701146781857e-01
-9.365309887955227452e+00 -4.364402345367581620e-02
6.575897611403206611e+00 4.302039359494536641e-01
1.886817025736478470e+00 1.636834641503714050e+00
9.207112705158149168e-01 9.207382175698093363e-01
-9.187935460291418721e+00 -2.321478788604088017e-01
-9.769788984199136550e+00 5.303213936928240502e-01
7.400546677601031575e+00 1.447190573217676413e+00
8.689583341150605378e+00 1.211766604936089786e+00
2.272487118998698818e+00 6.024157655127827526e-01
3.063375189077024885e+00 1.868657205893019535e-01
8.913259131216655362e+00 4.721028928099186284e-01
-5.347912878753440680e+00 1.504269443244137916e+00
-7.616394594905013804e+00 -1.361080526606194496e+00
-3.144964813427042927e+00 7.383237842698957276e-02
2.158354562604831273e+00 1.312703375401379047e+00
9.404287466597409662e-01 1.391262788174717713e+00
5.188119659160811636e+00 -1.663406288320433912e+00
-1.642379032263693972e+00 -6.992724876007085921e-01
-5.906712744551736449e+00 3.388871403486080069e-01
-9.507159549835083823e+00 -2.390966888436638627e-01
-5.550526743772392635e+00 9.808969336703913244e-01
2.809082862443197826e+00 1.013942942101501377e+00
9.630614681739540828e+00 -3.057126835550595390e-01
2.095372776345360677e+00 1.208410567601702068e+00
-4.646758145080882585e+00 1.399299389852060926e+00
7.567166339705075018e+00 1.293816534004217589e+00
4.625543176228227082e+00 -1.633678866463534884e+00
6.974683509682883198e+00 1.076520381891052258e+00
5.336883913677434421e+00 -1.305663552555346385e+00
-5.442972261428740133e+00 1.207425023105292761e+00
-5.968622077742312015e+00 5.889348839936254798e-01
7.037120486463869895e+00 1.372126472220831062e+00
2.139110734400873071e-02 -7.799294347571733566e-04
8.316246754126815688e+00 1.652767625437064680e+00
-6.395000953985405800e+00 -4.209731547638030369e-01
-2.890252249603975088e-01 -3.808951860046357885e-01
3.392519959760651460e+00 -3.706087271468453959e-01
5.920184315981886769e+00 -1.717905797271834234e-01
3.674424595479269584e+00 -1.786879939764105085e+00
-7.798385240387126771e-01 -9.709546886224568185e-01
-9.368185815526008042e+00 -1.183240530451965533e-01
6.346408018678740603e+00 -8.858096772298348909e-02
-6.343660437428903620e+00 -1.079648469876425959e-01
-3.450065490068490170e+00 3.809070904898874121e-01
2.664787137493043190e+00 1.229914655583089100e+00
-8.992679423921865478e+00 -7.816500941213100351e-01
3.690804114661938584e+00 -5.679508307900670294e-01
-4.382716750279862516e+00 1.018885229628399891e+00
-7.143557290067866106e+00 -4.473587065875009872e-01
6.174815898768390099e+00 -2.331755431094915398e-01
6.172161062189061909e+00 -9.025770941635587186e-02
-5.099680273617261506e+00 1.271690678668977226e+00
-8.411009736706402506e+00 -1.439050862785123952e+00
-8.890446869519941231e-01 -9.358381700503108913e-01
9.988108764167563436e+00 -7.969792734454561600e-01
9.206727853887048951e-01 1.172245697622253946e+00
3.473824435331565041e+00 -3.219378646380315345e-01
5.326944595962752160e+00 -1.316675642162244086e+00
9.006573935109464912e+00 2.375823713110446489e-01
-7.962291412175998673e+00 -1.311381965974236952e+00
2.964894743595751336e+00 1.466234032774230145e-01
5.266671712870188315e+00 -1.431586581390688950e+00
3.422831193270535977e+00 -3.144540686156022113e-01
4.421858710753257427e+00 -1.529010084649252699e+00
9.839502092882920437e+00 -6.482174223759361587e-01
-1.142671325133747473e+00 -1.690537499966296764e+00
9.405661641351557023e-01 1.292101791504066899e+00
-8.163636011362740419e-01 -1.116310733822342138e+00
-3.542160347354910144e+00 7.687784478681711775e-01
-1.897488739715729622e+00 -1.737259126342238780e+00
5.340377765364330287e+00 -1.924008525344834020e+00
-4.396770276985626502e+00 1.554922820309581732e+00
-3.761186895431578137e+00 9.471338739963023334e-01
-8.309646572131487829e+00 -9.164355628646605467e-01
-5.942080545597343999e+00 3.429567192172054413e-01
-5.058661614623797931e+00 1.215830903430701104e+00
4.115150839776475777e-01 4.561126239747056443e-01
-2.995353943002858621e+00 -2.333614104036393355e-01
8.283850413702545268e+00 1.456315645464619335e+00
3.911783883149063001e+00 -7.542236913604205562e-01
6.611537245274355712e+00 7.334740286062071402e-01
-9.449385592577829840e+00 -8.559544341282185331e-04
-4.128977800527593445e-01 -3.041682206974353209e-01
-4.659119584042854534e+00 1.073878428090788484e+00
2.837284260331873753e+00 1.350871997065011376e+00
4.375159467215928188e+00 -1.806568612221367776e+00
-7.108508070479519603e+00 -1.040761142045215193e+00
-5.934183522735249738e+00 7.627472491087200490e-01
7.049366234125319153e+00 1.070414412344379507e+00
8.337665364698125359e+00 1.274266147127725679e+00
6.831446716870892999e+00 9.162813982905625432e-01
4.645454320015538485e+00 -1.380350723585549444e+00
7.867593021603799031e+00 1.152538712739396898e+00
-7.080927929079885885e+00 -1.379759256200272066e+00
3.882381306822876965e+00 -1.351979079121496952e+00
7.118311957019180625e+00 1.101549151878165267e+00
8.268848846733163782e+00 1.734699089830438412e+00
-4.495541909302773753e+00 1.607415240078041485e+00
7.839939935464407483e+00 1.855609997141675516e+00
-4.018253064201202207e+00 1.247300671937959349e+00
3.360763999371556565e+00 1.080563041419956849e-01
-7.362704719840476031e+00 -1.147802730970466811e+00
7.921854303330828628e+00 1.582271699880347882e+00
-9.443696368781573369e-02 -1.243507091526527830e-01
5.612401237391281938e+00 -1.289112500330094058e+00
-2.477563576800001499e-01 -3.645335672445882413e-01
-4.307446555607192806e-01 -3.525088399736606704e-01
1.891915152696821423e-01 -1.229003903077726667e-01
1.832375017712539744e+00 1.734577483921179830e+00
9.884417557994414238e+00 -1.079680405092536377e+00
8.519449756109899852e+00 1.214115093623233221e+00
-6.123415646862455652e+00 4.026058913525437655e-02
8.718953470220839108e+00 9.470774330617043324e-01
3.633913864346233424e+00 -1.276834852582892088e+00
-8.133416276557428048e+00 -1.178543819189534103e+00
-4.795033489559852313e-01 -9.421908248249788453e-02
-4.113470216284111913e+00 1.028379418550086521e+00
3.233775736898126141e+00 1.569421919109966479e-01
-1.905592390072047948e+00 -1.047445546687346019e+00
4.893489049530955981e+00 -1.503420876556546881e+00
5.928726629302666140e+00 -3.095051290066692662e-01
-4.506030670019582907e+00 1.293474325004237979e+00
-1.551318840846448666e+00 -1.884652584301006017e+00
-5.531900410703762816e-01 -3.904416287011814313e-01
8.431197344174620412e+00 1.547729533700249238e+00
-3.598436363367945034e-01 -4.009787081937539188e-01
-8.034683355618614797e-01 -9.841978141506312339e-01
-7.694248865066017906e+00 -1.940092246741681681e+00
-1.241739955466901080e+00 -1.430291827415467898e+00
-9.582771352140710519e+00 8.031066228517930172e-02
1.441844277213977676e+00 9.011636691849486125e-01
5.591204255809589796e-01 8.703289757515573211e-01
4.759261420764723027e+00 -1.474973612523855504e+00
4.145353399260635285e+00 -1.458504987031740363e+00
1.885621816792255601e-01 6.012544119017706468e-01
4.451802981399071157e+00 -1.311582420138981853e+00
4.354385469268621023e+00 -1.836495940537105298e+00
-5.700157790689910797e+00 9.939713909529718228e-01
-4.316789096101098622e+00 1.418070903650797243e+00
8.507108518784264106e+00 1.378831569362426901e+00
2.719312380146959640e+00 1.095911936585845403e+00
-2.058374697077272053e+00 -4.427096037629085767e-01
9.673946545127737551e+00 -3.570759574199102171e-01
-8.310265056649893012e+00 -2.062679910781147985e+00
-1.533478457423731456e+00 -1.852528113083911743e+00
-8.057850615290295337e+00 -1.952898680381994323e+00
-6.211048242922823093e+00 5.748753892827815903e-01
-5.006381571306377509e-01 -7.108676522175916279e-01
4.821045323847430453e+00 -5.282298065358006500e-01
2.889325294964335100e+00 3.252798538215437851e-01
-9.889364842040306414e+00 9.006391768813455379e-01
4.143210169868485337e+00 -1.464684502892025675e+00
-6.415864463759004543e+00 -7.387651518058611089e-01
9.516463959965729913e+00 1.601934381079914149e-02
7.046130007439451504e+00 6.643790129110395126e-01
4.568293497264335201e+00 -1.571326292276386205e+00
-7.221666373838539599e+00 -1.905892238048687570e+00
2.082866205083606204e+00 1.182877509716762532e+00
-7.059584620473778216e+00 -9.095199334405483782e-01
4.827458798377133320e+00 -1.035276554164396234e+00
9.154531748040987793e+00 9.498789712802355734e-01
-6.780087521476600543e+00 -1.042223392629285872e+00
-4.896887372769787028e+00 1.458061658416232476e+00
-8.867539178846406855e+00 -9.963046247708610137e-01
-2.689016511659239050e+00 -5.163798469623939180e-01
-6.345012810657085112e+00 -3.385780306455074551e-01
1.484745222981606716e+00 1.656990554082433453e+00
7.217724108711887965e+00 6.795015081966597759e-01
8.964572575478356953e+00 4.739204455637789914e-01
9.781183227503856159e+00 -4.094150481647049755e-01
5.466179253769210433e+00 -1.674383603767784390e+00
-9.372937001066912188e-01 -1.191486820920999001e+00
-8.904511177143563216e+00 -2.943375550036558819e-01
9.239252958720175712e+00 5.300389382894883372e-01
6.320997228514507071e+00 -5.033646783037470929e-03
2.524885796284692674e-01 6.806150413141540678e-01
7.061675690133487393e+00 9.600198539147638543e-01
-9.633640138714177681e+00 2.149647181529940054e-01
-3.055112670359065419e+00 -3.315187326854409089e-01
-9.516661200252976016e-01 -1.655261358239266345e+00
2.270850682295984413e+00 8.784287754979525076e-01
1.233535495971176843e+00 1.363243522757428439e+00
-9.938880514119219356e-01 -1.705825343535863681e+00
2.903645142749839536e+00 -3.683529382069672398e-02
-3.122242812201387885e+00 -3.569322978250722977e-01
-1.387711902775574657e-01 1.857333610020032166e-01
1.917282418732392912e+00 9.602024460622382573e-01
-7.084009242481821289e+00 -1.446877345290476180e+00
-7.738518583653202221e+00 -1.889715099687875544e+00
-9.214470756774755245e-01 -8.095431466115690089e-01
7.315523799063853971e+00 1.209879309102261713e+00
-6.997688420561907208e-01 -1.554947379948730113e-01
2.705365299515960942e+00 7.549265660175930037e-01
4.587341882766049039e+00 -1.679859783979317012e+00
-8.761543984439546406e+00 -1.124168204119107894e+00
3.008532087028976676e+00 4.563506134992177943e-01
-2.758217077345950230e+00 -2.864877243375033578e-01
2.206251769725582790e+00 9.662818158588253326e-01
4.227869569528657223e+00 -1.361673684831326447e+00
4.147072915879146393e+00 -1.701842358252108944e+00
5.874078771587376124e+00 -6.096261166984493496e-01
8.701217561727887073e+00 1.242877233838456608e+00
-6.542249979524781267e+00 -5.377767810168899709e-01
-9.140163420177881193e+00 -5.295536948160644020e-01
-2.000861356233567534e-01 -3.061881982448343420e-01
3.894927655429237134e+00 -1.497019405700872996e+00
2.058998279913101470e+00 1.374115372895577059e+00
-6.437527383245922330e+00 -4.297361332056425787e-01
9.125235638190215326e+00 6.975082139480652810e-01
3.749046698933316435e+00 -6.605923648500985346e-01
4.226649062696136383e+00 -1.996955435948709390e+00
-7.218251077949437544e+00 -3.906765447612636777e-01
-6.841469870589691027e+00 -7.493785668115862109e-01
-4.063249287449561820e-01 -4.031353069194046901e-01
-9.717351698924137082e+00 8.106158197068664695e-01
6.044283991338915030e+00 -8.054675603423424590e-01
7.014597415103423828e+00 1.110996419625509546e+00
-3.809847522727515923e+00 1.293139038652783235e+00
7.571875399679480978e+00 1.607390386767764134e+00
-9.235176685009371056e+00 -6.630642645244356759e-01
-1.399815509003587977e+00 -1.394525404092570753e+00
-1.120984232661154323e+00 -8.460848093169193174e-01
7.345738055769420072e+00 1.051328511190605441e+00
3.490519581954778516e-01 6.253844833943581483e-01
-6.684106355146437473e+00 -5.796716296836897930e-01
-7.515692081287756565e+00 -1.228198291471976233e+00
-1.228789413292354027e+00 -2.000138259676619068e+00
5.598486951284620261e+00 -6.745053417743315238e-01
5.524546499845303771e+00 -1.143470871648649023e+00
5.011572564550711206e+00 -1.830442269797214472e+00
4.754478679069846336e+00 -1.342160843296548389e+00
-2.543386327416687465e+00 -5.447984883221423935e-01
-5.159430433556715379e+00 1.336881441271261073e+00
8.188674634870778846e+00 1.361235826735841759e+00
7.102588881806024546e+00 9.938828338936233076e-01
8.845936683123994726e+00 3.670368294726590319e-01
9.001849445855555132e+00 7.652487060994308532e-01
-3.670943310047453778e+00 8.242438485836842688e-01
