9.399112982002657546e-01 3.851232559342804951e+00
-1.040408496337815514e+00 5.994706685773689259e+00
-4.786289436030546796e+00 2.425421440200010537e+01
2.499560776665608941e+00 -7.188559635617286503e-01
-2.932982303517128742e-03 3.019124322113427628e+00
2.449685033713984161e+00 -2.697982971982817002e+00
2.525726794547884069e+00 -4.042721172934089502e-01
-3.870711537145158587e+00 2.554328591228366463e+01
3.896668481409918172e+00 -2.748311140997356183e+00
3.152994140821325786e+00 -4.735291603310812114e+00
1.786761453077443385e+00 -3.410386829581009138e-01
4.354561341075601888e+00 -1.179563291638273803e+01
2.218519479813618744e+00 -4.313631985626724674e-01
-4.679267279296297488e+00 2.819748275272420912e+01
-2.923432846245113126e-01 1.433331345184584293e+01
2.482693633779319065e+00 -7.991953096083130426e+00
3.119273914792142222e-01 2.565302933371567562e+00
4.616239139131282698e+00 -1.088812022209320496e+01
-2.163102050868798365e+00 1.293581260069933947e+01
-1.877135715387861836e+00 1.426699276405723005e+01
-1.121399688037843845e+00 7.550545439581398455e+00
-4.030593669441956628e+00 2.409100704036016083e+01
-3.887464881838667008e+00 1.794021521581862899e+01
1.070641842798244703e+00 -1.818849698752638133e+00
1.531143117496700512e-01 1.104340459422070353e+01
-4.486092553797473848e+00 2.261762933277564613e+01
2.189435065392588697e-01 9.108472465621906267e-01
-2.158664666516202146e+00 1.222465584539071415e+01
-2.085330175283584886e+00 2.209498994002722583e+01
4.226654211839795394e-01 -1.118875647822464181e+00
-1.054485316063151767e+00 1.322827863097878165e+01
2.904191040060331019e-01 8.366802324404346791e+00
-2.561840524333542923e+00 2.363239536212822856e+01
-3.918875599390974962e+00 2.098950951004320942e+01
-5.628661213383177042e-01 9.363422374933600523e+00
-1.256499375974486910e+00 1.119921092420356423e+01
-2.770539674029421917e-01 1.968898086614342624e+00
-2.197216455746608954e+00 1.517023669813390185e+01
-2.063603048164207365e+00 1.597043595856383114e+01
-2.203290532539861957e+00 9.861214985481499440e+00
-3.244860026182006862e+00 2.535201732465604962e+01
-3.141139666858190349e+00 1.771163561660584662e+01
3.625898852158751851e+00 -1.476186387596395022e+01
2.472877742817730429e+00 1.836654053845827583e+00
2.939481919689516332e+00 -4.056702616132844774e+00
-7.164879553933669598e-01 1.207008327001456394e+01
2.655800549658184906e-01 3.500587759982473290e+00
3.494234461734366803e-01 8.365601789462814963e+00
5.350380925327993253e-01 4.802925100824436022e+00
-4.175201473496540139e+00 2.536498635381422062e+01
6.218981297629060379e-01 4.823358295290763209e+00
-4.145949539535200401e+00 3.046821556492148986e+01
-8.844100099966309969e-01 6.012077851405811302e+00
1.489977706597009899e-01 3.598287716520465640e+00
-4.474398724744200528e+00 2.781906978974119227e+01
1.544178256265183791e+00 3.447644427211084661e+00
3.538147988626354490e+00 -1.228223664786510128e+01
9.183780006494215442e-01 5.221018194023900882e-01
-4.595592278177446310e+00 2.626804386276738512e+01
-4.238878632694130566e+00 2.726357172636010162e+01
-1.716642109150038564e+00 1.436304118556073384e+01
-3.703707497310462227e+00 1.654063016164361954e+01
4.107172202491328861e+00 -1.431887853356528595e+01
-1.682084304543059794e+00 4.866465556837912487e+00
4.079929002073713562e+00 -7.598651326108960546e+00
-1.477882406061135079e+00 1.101710141114767971e+01
-3.840808076759252288e+00 3.203333077226746184e+01
2.414184291746044764e+00 7.416826559360827353e-01
4.706474656329449502e+00 -1.282181952268284597e+01
-1.081195691222887056e+00 1.166883859909184018e+01
2.118697102693842815e+00 -9.149080811932696733e+00
-1.116775611219444908e+00 1.079839576408944879e+01
-2.403248595393586484e+00 1.664694565701023166e+01
-1.114199188181705047e+00 2.104117401192974413e+00
2.716472147228108369e+00 -4.619787695882887846e+00
-3.519507614635725368e+00 2.153406660019033936e+01
1.208142029848354504e+00 -6.313788465775207470e-01
-2.825357654221649639e-01 5.632290847418726543e+00
-2.503664344747530635e+00 2.002435805707981942e+01
-1.427205347143246428e+00 1.394877991724348476e+01
-2.052665059868191477e+00 1.203828304211191558e+01
1.694618141819596246e+00 -6.567448476234525323e+00
-3.894889528129419354e+00 1.974654652424659673e+01
1.490897854636816788e+00 1.194527772122581100e-01
2.171527902625246753e+00 -3.105205331178511496e+00
2.531714549990601526e+00 3.293956655862555927e+00
1.309794428132907917e+00 5.894744263689354113e+00
-5.144861431250955519e-01 8.197085548675396183e+00
-4.002829659229868220e+00 2.457418125174097767e+01
4.412796122854008019e+00 -8.143215841928949317e+00
1.191559803098277470e+00 -3.359726556205870907e+00
2.919830809247469183e+00 1.194659902098066162e+00
-1.858018126832330363e+00 1.482269686159856903e+01
-1.526341608514287795e+00 5.795064691526450318e+00
-3.928629078983169265e+00 2.435056099106837024e+01
3.150088791449185521e+00 -5.229841737424489878e-01
-6.677557867444861017e-02 9.590903919679472978e+00
-5.716680246715348801e-01 8.280584843686559893e+00
-6.623625621120421414e-01 7.329312057171476269e+00
-2.523422048414075469e+00 1.839488841598858215e+01
